0.021085776
-0.000612886
0.026989411
0.027328780
-0.007323360
0.038368014
0.037385677
0.032243692
-0.003771031
-0.016184048
0.032093955
-0.006477417
0.020301714
0.036286104
0.025589891
0.017315046
-0.014317738
0.005765989
-0.002538605
0.007694953
0.031247407
0.024813572
0.008182053
-0.003795407
0.034567923
0.031579430
0.014445842
0.010541398
-0.011693049
0.000055834
-0.010072720
-0.018386025
0.017435370
0.015180768
-0.001347129
-0.000264659
0.019747333
0.017257111
-0.011630384
0.014085796
-0.005700817
0.032851423
-0.000618107
-0.001322361
-0.000740131
0.034128613
0.037527194
0.002548689
0.008650884
0.023112343
0.017616032
-0.000825964
0.025183570
0.018191149
0.028490668
-0.016826184
0.026181039
0.032857017
0.028616267
0.012194625
0.000999938
0.035115882
-0.004546879
0.022038480
0.021163452
0.009223927
-0.009815627
0.024167146
0.006266072
0.028709542
0.002586322
0.014582732
0.028543031
-0.003068205
0.016044643
0.039190032
0.002119942
0.011545745
0.030847342
0.041174856
0.011836522
-0.003685349
-0.012049734
0.026364993
-0.002517559
0.023786721
-0.007154862
-0.000454752
0.020417133
0.013650690
0.036663388
0.025395412
0.028096324
0.008709191
0.023113131
-0.010828689
0.007267780
-0.020385024
0.002001537
0.005530979
0.000572347
0.005176467
0.016331141
-0.003565646
-0.015451153
-0.006707897
0.012794337
0.014866416
0.000473785
0.004923110
0.028963842
-0.012081969
-0.004681046
-0.009807004
0.007189844
0.007000634
0.039346824
0.015507790
0.031776034
-0.011283787
0.030233650
-0.001226688
-0.009742750
0.033035192
0.035956871
-0.016972544
0.011374583
0.006159582
-0.002728149
0.020593760
0.016306656
-0.005270562
0.022654086
0.016765846
-0.010244655
0.033868595
-0.001914997
0.023775802
-0.006364754
0.019682253
0.039899629
0.034004012
-0.012062901
0.034949012
-0.007873354
0.000099625
0.021904942
-0.010447261
-0.006955959
0.035572516
0.008375009
0.002969325
0.023825826
-0.009509970
-0.007126965
0.007227094
0.035801513
-0.014717327
0.012506313
-0.002323714
0.023616551
0.032141870
0.031561950
-0.001503146
-0.014529078
0.031839229
0.025484960
0.033209041
-0.000276406
0.015323439
0.026420474
0.022744673
0.024308942
0.033525793
0.016676964
-0.005534498
0.009992078
0.030810161
0.018559555
0.022123740
-0.004104709
0.005013583
0.027812497
0.002787830
-0.010593301
0.033764337
-0.003182429
-0.017379764
0.000828835
0.024168964
-0.000936547
-0.009136917
0.030811506
0.029127073
0.023324923
-0.004503278
-0.004417208
0.017375597
-0.008533638
0.013426959
0.035458885
0.030527507
0.013794799
-0.002975189
0.001355788
0.039115547
0.007391516
0.014362964
0.033324975
0.011934671
-0.012290706
-0.002460534
0.024086818
0.023233900
-0.017609823
0.018872407
0.005820960
-0.016411523
0.029995705
0.017753262
-0.014904572
-0.000189320
0.028104369
0.021529192
-0.005121749
0.033451599
-0.012630702
0.008372852
0.010860572
0.011178540
-0.016321045
0.037652279
0.030979625
-0.007550193
-0.004970971
0.002357758
0.006629892
-0.004714736
-0.002241050
0.013316557
0.014874691
0.003359913
0.006216564
0.015281797
0.003025902
0.039556123
0.005928150
0.016116594
0.011452408
0.012925478
0.005278877
0.011493682
0.033955936
-0.003143487
0.032513081
-0.009151611
0.039491620
0.010245706
0.016995116
0.006186243
0.025558690
0.038569026
0.004259339
-0.013541192
0.001077709
0.000502994
0.003380581
0.011251900
0.019560402
0.016148695
-0.006136713
0.020877289
0.016105465
-0.019016701
0.016390462
0.010882036
-0.006635326
-0.014384657
0.015600418
0.030463251
0.004418827
0.000139233
0.006322011
0.016031207
0.000152040
0.004823614
0.036461107
0.008335130
0.005160498
-0.000884284
-0.005025558
-0.009929852
0.024518654
-0.020063704
0.035942345
0.016661005
-0.011347657
-0.004415396
0.018516280
0.024767315
0.024386422
0.009954913
0.009532419
-0.001025380
-0.001501065
-0.012818642
0.023196835
-0.010807229
0.008234859
0.012434582
0.031787644
0.016678696
-0.001118969
-0.002330283
-0.005624776
0.023624634
0.009467040
0.000951832
0.034047608
-0.011194371
-0.002048523
0.016493688
-0.006886872
0.023161863
0.020862451
0.012150751
-0.003326419
-0.017567923
0.012404523
0.001029815
0.032199325
0.008858013
-0.004813750
0.025876847
-0.004713997
-0.007198193
0.008530563
0.024507831
-0.000107689
0.006283160
0.020718215
0.021573173
-0.008108181
0.031716286
0.029144169
-0.001801812
0.013325999
0.009209530
0.020748304
0.035743927
0.016501753
-0.004017907
0.001138850
-0.008033036
0.004174683
0.015806895
0.019444461
-0.003918475
-0.002320938
0.035478953
-0.004753570
0.022712849
-0.012148591
-0.002205576
-0.012213784
0.005242733
0.001265988
0.017176092
0.031468689
0.001319732
0.020085147
0.011630056
-0.004393215
0.021346969
-0.012685496
0.017227966
0.023846556
-0.003774812
0.012577751
0.008525121
0.036508728
0.034871503
0.010728692
0.000708391
0.015448197
0.014475891
0.010593598
0.010942560
0.008034798
-0.004535326
0.013506903
-0.012013870
0.036971981
0.020875930
0.030708137
-0.006325835
0.011481749
-0.018336424
0.021162304
-0.014325287
-0.017199781
0.015710970
-0.011395593
-0.005745177
