Meas, V1, V2, V3, V4
0, 0.035640401, 0.020223871, 0.023659188, 0.022318033
1, 0.018934439, 0.012595395, 0.001709722, -0.002016961
2, 0.002174579, 0.039759386, 0.042031602, 0.023639509
3, 0.013683630, 0.027088816, -0.016867066, -0.007520358
4, -0.000209839, 0.020851541, 0.046750293, 0.024255512
5, 0.011165588, 0.031193746, 0.020027688, -0.005810895
6, 0.006399893, 0.011297849, -0.006451215, 0.004538598
7, 0.015518574, 0.038640342, 0.040132348, 0.041942653
8, 0.020843417, 0.030924787, 0.034379064, 0.014805504
9, 0.016505879, -0.008440624, 0.004546976, 0.019733268
10, 0.009385480, 0.036870267, 0.005132725, 0.022153406
11, 0.015326526, 0.001077967, 0.040152731, -0.005068873
12, 0.024707099, 0.027892635, 0.034305467, -0.000666095
13, 0.011181817, 0.013884257, 0.012141956, 0.010946432
14, 0.021692674, -0.003800769, 0.028535366, 0.004387145
15, -0.001267278, 0.045497354, 0.016639718, 0.019368830
16, 0.011620138, 0.016517893, -0.005502374, -0.001455617
17, -0.005327072, 0.000157644, -0.004849542, 0.002192186
18, 0.031958364, 0.000806628, 0.033902413, 0.006360208
19, 0.014155213, 0.027292902, 0.023960000, 0.038189622
20, 0.011423802, 0.030999986, 0.035238942, 0.027317309
21, 0.026973243, -0.004925647, -0.003794212, 0.004221154
22, -0.008578189, 0.019087406, 0.041608237, 0.038444369
23, 0.002075181, 0.013268110, 0.042930449, 0.037718254
24, 0.010974025, 0.001778011, 0.008220823, -0.006160244
25, 0.009037555, -0.000215615, 0.005202418, 0.026077636
26, -0.015319605, 0.037707445, 0.010490132, 0.040456743
27, -0.007582733, 0.028605799, -0.005058488, 0.027264727
28, 0.003976640, 0.030714447, 0.023655602, 0.045225723
29, -0.000863073, -0.004314544, 0.010129107, 0.039630437
30, -0.017845656, 0.003183076, 0.025997049, 0.001067924
31, -0.007190284, -0.015221703, 0.033344340, 0.006377645
32, 0.013393719, 0.039514861, 0.042082832, 0.025120038
33, -0.014987149, 0.019673716, -0.013333557, -0.013361742
34, 0.008220185, 0.028143210, 0.012646412, 0.023500512
35, 0.033902767, 0.010067309, 0.006977212, 0.009260689
36, 0.030293092, 0.008183174, 0.005603003, 0.018446869
37, 0.003017618, 0.004743515, -0.002536956, 0.002573520
38, 0.017984632, 0.025895729, 0.009438400, 0.032137887
39, 0.004011740, 0.017314053, 0.030874191, -0.010090954
40, 0.005233409, -0.008922614, 0.033349678, 0.038939002
41, 0.031082863, 0.021035983, 0.009518878, 0.008868972
42, 0.018494360, 0.042815253, 0.015222067, 0.018934177
43, 0.007266236, 0.034424152, 0.027432883, 0.003417267
44, 0.038666035, 0.011875056, 0.005314984, 0.037732012
45, 0.012469249, 0.032335329, 0.004511474, 0.008114834
46, 0.004095025, 0.029326007, -0.016147172, 0.005662815
47, 0.008507337, 0.026007790, 0.003406505, 0.032141336
48, 0.022685707, 0.010107714, 0.037924910, 0.047742947
49, -0.011117892, 0.006231474, 0.042997886, 0.013772413
50, 0.017546065, 0.003651123, -0.008654647, -0.014614227
51, 0.029337229, 0.038647232, 0.025333220, 0.012572070
52, 0.014307835, 0.013941053, -0.006679392, 0.031440515
53, -0.000699171, 0.033707117, 0.005676432, 0.044463789
54, -0.005827977, 0.002177857, 0.010083490, 0.038364458
55, -0.010801015, 0.027865490, 0.023005914, 0.001182535
56, 0.020990765, -0.013690624, 0.033156522, -0.004100926
57, 0.026347653, 0.023564738, 0.027267655, 0.016981780
58, -0.000588401, 0.009773660, 0.023404272, 0.021220501
59, 0.006146412, 0.036053907, -0.011449076, -0.000963118
60, -0.013967710, 0.012689080, 0.029980844, 0.006311629
61, 0.032910887, 0.011430553, 0.031541903, -0.004528214
62, -0.003623950, 0.000226296, 0.013882072, 0.013743800
63, 0.015594701, -0.003904227, -0.001075458, 0.037968594
64, 0.023084310, -0.006543362, -0.011013229, 0.041467083
65, 0.031512716, 0.018747822, -0.014906504, 0.025193838
66, 0.033888060, 0.030953758, -0.015507512, -0.003395524
67, 0.023300382, 0.014428018, 0.033107099, 0.044602267
68, 0.025884049, 0.009174320, -0.010988549, 0.018618294
69, -0.003817932, 0.028307363, 0.028533090, 0.013248639
70, 0.006239072, 0.022036639, 0.040996172, 0.021763425
71, 0.009896965, 0.012308773, 0.033848208, 0.006373003
72, -0.016183618, 0.042748249, -0.008077022, -0.008511389
73, 0.013658455, 0.041102422, 0.014806937, -0.005388361
74, 0.039653511, -0.002993257, 0.017140598, -0.009296224
75, -0.005526798, -0.006858828, 0.030329030, 0.017255888
76, -0.002302960, -0.002810893, -0.000730514, 0.021136104
77, 0.024296747, -0.002796228, 0.009395751, 0.026165911
78, 0.016827179, 0.010396236, -0.005581904, 0.024376811
79, 0.018022493, 0.011038052, 0.031438988, 0.005640167
80, 0.045007497, -0.005656945, 0.040260071, -0.014515759
81, -0.005077205, 0.008997170, 0.005733137, 0.017206510
82, 0.032466201, 0.026538105, 0.007430177, 0.032222507
83, -0.014616050, 0.006674509, 0.007608262, -0.003169785
84, -0.006336351, 0.023568459, 0.011642386, 0.012100063
85, 0.007429139, 0.015692860, 0.025061299, 0.026239512
86, 0.006730967, -0.015880614, 0.032981086, 0.038228918
87, 0.000967993, 0.028607548, 0.015784097, 0.006895951
88, 0.005276413, 0.019891298, 0.042596065, 0.002533294
89, 0.025019021, 0.024019939, 0.030910854, 0.010057792
90, 0.033549389, 0.017885281, 0.008032129, 0.045707577
91, 0.017976080, 0.012438011, 0.007075782, -0.002154360
92, 0.029763588, 0.012203210, 0.032312630, 0.016501282
93, 0.022057583, 0.039495515, 0.020826166, 0.044717665
94, 0.024113477, 0.015865091, 0.036143355, 0.003268954
95, 0.015805301, 0.014320017, 0.032308455, 0.020149465
96, -0.009503445, 0.027649533, 0.027944632, 0.024343406
97, 0.003523566, 0.029708576, 0.028795981, 0.017092628
98, -0.009534044, 0.012186587, 0.006532057, 0.027922932
99, 0.005584607, 0.035425719, -0.000475049, -0.010560822
100, 0.013756423, 0.013440897, -0.005332768, 0.003613000
101, -0.006026819, 0.026866781, -0.006645040, 0.010745810
102, 0.034170982, 0.013122019, 0.042224854, 0.036991662
103, 0.010000369, -0.010471944, -0.012547665, 0.032991209
104, -0.005660082, 0.019368824, 0.047283192, -0.005801353
105, 0.035184809, 0.013410297, 0.035717932, 0.039104715
106, -0.010461314, 0.016826433, 0.014564176, 0.026447085
107, 0.007463394, 0.005640479, 0.043345292, 0.019076945
108, 0.031635936, -0.003934851, 0.041130266, -0.004230320
109, 0.002815130, -0.006456217, -0.003433065, -0.009206966
110, 0.029546859, 0.034576090, 0.004273607, 0.023343564
111, 0.024714920, 0.011532560, 0.037629546, 0.011790870
112, 0.027203190, 0.000147030, 0.039230626, 0.037488905
113, 0.004763643, 0.011601601, 0.014292055, 0.004568276
114, 0.006374221, 0.027870912, -0.010164697, 0.026742904
115, -0.010351572, 0.012500553, 0.043338823, -0.002552396
116, 0.006497038, -0.013117057, 0.021244351, 0.030982022
117, 0.020472957, 0.034059144, -0.000686687, 0.008566529
118, 0.003902048, 0.027644809, 0.024498286, 0.011015309
119, 0.010243119, 0.008200454, 0.036836363, 0.022368194
120, 0.022091313, 0.018305187, 0.018307468, 0.031333388
121, 0.013630574, 0.001151938, 0.019408457, 0.004749865
122, 0.032105552, 0.034519000, 0.021944212, 0.002055288
123, 0.018797409, 0.007905594, 0.023694993, 0.025064046
124, 0.007202166, -0.006311013, 0.018090074, -0.014585912
125, 0.024793968, 0.029246557, -0.004829143, 0.021750073
126, -0.001567608, 0.031408112, 0.025402909, 0.039867144
127, 0.008399197, 0.013347716, -0.000942396, 0.014263657
128, -0.007385509, -0.002036251, 0.023199437, 0.021311015
129, 0.031799465, -0.001985663, 0.045221911, 0.024404282
130, -0.014797011, 0.011759330, 0.029416583, 0.023291615
131, 0.033252834, -0.005169261, -0.006094797, 0.029752850
132, -0.001927493, 0.039628616, -0.002731693, 0.000664084
133, -0.005674957, 0.036472247, 0.031080245, 0.008195810
134, -0.001382109, 0.000803293, -0.002336720, 0.005300184
135, 0.004924875, 0.026555248, 0.040345233, 0.014756038
136, 0.035124208, 0.022776591, 0.020444372, 0.015617599
137, 0.027625745, 0.007455128, 0.029701187, 0.016273674
138, 0.034281879, 0.001741117, 0.017002634, 0.027281047
139, 0.009842065, 0.001989015, 0.035417257, -0.010185584
140, 0.015338927, -0.003736550, 0.042642025, 0.006010863
141, 0.005670756, 0.042173418, 0.005486268, 0.041894869
142, 0.041569657, -0.000984803, 0.007292856, 0.013826180
143, 0.039872493, 0.000256310, 0.003708079, -0.012231075
144, 0.039649970, -0.001511722, 0.003348258, 0.010721159
145, 0.038171983, -0.000505339, 0.032599034, 0.016529559
146, -0.002723027, 0.000478324, 0.043630928, 0.025982529
147, 0.002781507, 0.035005630, -0.005087823, -0.004237653
148, 0.012529966, 0.025277548, 0.042037389, 0.018223756
149, 0.041293397, 0.039491050, 0.001982857, 0.044921167
150, 0.027201633, -0.003334124, 0.014300497, 0.004825727
151, 0.025857907, 0.022173394, 0.006267263, 0.018007030
152, 0.015114585, -0.002125601, 0.037116598, 0.006990323
153, -0.013723910, -0.014927627, 0.001882112, 0.037525714
154, 0.006002103, -0.001875135, -0.009927820, 0.000051883
155, -0.002459377, 0.000004907, 0.010344214, 0.008476996
156, 0.021189670, -0.013681145, 0.028847588, 0.040342902
157, 0.033399373, -0.012331972, 0.013578075, 0.037757669
158, 0.024007445, 0.005087363, 0.035099683, 0.027613948
159, 0.010740763, 0.009859461, 0.036940706, 0.007575074
160, 0.031546351, 0.011659135, 0.034040972, -0.001924820
161, 0.043704554, -0.012757735, 0.021652024, 0.018808861
162, 0.031124644, 0.016727711, 0.002442522, 0.021373516
163, 0.033022115, 0.008222606, 0.009134532, 0.033892586
164, 0.014792155, 0.018837262, -0.004124385, -0.010766096
165, 0.005882022, 0.024895356, 0.013129429, 0.019418785
166, 0.016869836, 0.027002333, 0.002806586, 0.031502516
167, 0.016563414, 0.011259657, 0.004071908, 0.015982989
168, 0.022908363, -0.004978036, 0.033304161, -0.000292989
169, 0.020715714, -0.008589730, 0.026078501, 0.023822747
170, 0.024161189, 0.024565537, 0.017949883, 0.040007343
171, 0.026714265, 0.022786989, 0.024197482, 0.012130963
172, 0.030481004, 0.016953236, 0.038411694, 0.031689477
173, 0.029747611, 0.009450229, 0.007797495, 0.015496575
174, 0.012932244, -0.007304603, 0.024138342, 0.042220163
175, 0.047948158, -0.007907865, 0.013136626, -0.001745518
176, 0.016962716, -0.000359314, 0.040417814, 0.030114390
177, 0.007141522, 0.030393804, 0.034797898, -0.002084182
178, 0.037710650, -0.005343978, 0.026427723, 0.025465239
179, -0.006989077, 0.021004235, -0.004881219, 0.011896135
180, 0.002591780, 0.007869221, 0.028703275, 0.041979298
181, 0.008320046, 0.018674024, 0.018318529, 0.017345289
182, 0.036164219, -0.005389727, 0.002946095, 0.031917210
183, -0.003335014, 0.018721066, 0.050453761, 0.025740123
184, 0.002370211, 0.033249953, 0.024953213, -0.010068623
185, 0.012201326, -0.000097920, 0.014623336, 0.017660865
186, 0.049492335, 0.029492971, 0.032460256, 0.037385557
187, 0.007943125, -0.005765886, 0.033357116, 0.007105208
188, 0.016216895, -0.008828891, -0.000717733, 0.037633598
189, 0.036857375, 0.022707360, 0.040179539, 0.019269483
190, 0.010103316, -0.004630340, 0.010660982, 0.011034037
191, 0.038770007, 0.022037559, 0.025500838, 0.028976294
192, -0.007083954, 0.025583940, 0.023810637, -0.005063067
193, 0.018794413, 0.019825442, 0.028072938, -0.004899658
194, 0.035706698, 0.037455778, 0.013602590, -0.002078161
195, 0.027599110, 0.013051792, 0.019072310, 0.043837528
196, -0.008020535, 0.034734102, 0.044310169, 0.011488756
197, 0.025507098, -0.008066816, -0.002257312, 0.012547235
198, 0.019818316, 0.024043235, 0.021786418, 0.007626455
199, -0.016053096, -0.008349139, -0.002321004, 0.011004010
200, 0.038517405, 0.026809555, -0.003157477, -0.006694419
201, 0.008928824, -0.003131706, 0.043336374, 0.015687063
202, 0.007226072, -0.012449672, 0.006382778, -0.000448581
203, 0.015493583, 0.038929541, 0.034514781, 0.017686821
204, 0.034243407, -0.009567722, 0.040096018, 0.038707443
205, 0.041690396, 0.019043224, 0.026658216, 0.004133121
206, 0.017011973, 0.017708715, 0.033899501, -0.009229244
207, 0.034980719, 0.019753564, 0.015015827, 0.021072227
208, 0.001194361, 0.012077208, 0.014725195, 0.001464299
209, 0.038842585, -0.000029672, 0.024796554, 0.033173166
210, 0.025623656, -0.007318343, 0.006243281, 0.021196550
211, -0.009043453, 0.044066367, 0.022164906, 0.043287361
212, 0.001042082, 0.008787224, 0.001191935, -0.004412493
213, 0.030724332, 0.032138537, -0.006755339, -0.002091969
214, 0.018461442, 0.018526635, -0.003761550, 0.033457479
215, 0.041811185, 0.011334431, -0.010411136, 0.002248151
216, 0.020763034, 0.012132940, 0.030249013, 0.036907407
217, -0.005297312, 0.008585216, 0.003232542, 0.044936049
218, 0.014077150, 0.047865155, 0.001575935, 0.007591070
219, 0.042531583, -0.001952973, 0.018328133, 0.016175322
220, 0.033045680, -0.005469041, -0.003762273, 0.010461396
221, 0.024045789, 0.028489796, -0.010350128, -0.010931263
222, 0.021956271, -0.004801046, 0.035951433, 0.029785604
223, 0.020929272, 0.010436172, 0.034586729, 0.033381438
224, 0.047284395, 0.001989658, 0.021836566, -0.000503386
225, -0.014546536, 0.009730432, 0.016509813, 0.036608800
226, 0.002584429, 0.030474574, -0.001312035, 0.007597940
227, 0.023625419, -0.005997316, 0.028869711, 0.025163304
228, 0.006142451, 0.000604836, -0.004985756, 0.007966438
229, 0.025872302, 0.029158951, 0.030510766, 0.028488090
230, -0.013888625, 0.035451939, -0.003163395, 0.008370221
231, 0.022566072, 0.022503140, 0.004106075, 0.024086374
232, -0.012166561, 0.002447323, 0.010831206, -0.010014849
233, 0.002310974, 0.034294077, 0.020353145, 0.039855430
234, -0.004778545, 0.022641319, 0.015638303, 0.045490862
235, 0.019638413, -0.005426202, 0.031049517, 0.007626179
236, 0.010316390, 0.029455830, -0.000067628, 0.009560614
237, 0.042179943, 0.036490125, 0.018406454, 0.001254448
238, 0.006369571, 0.035033873, -0.006394528, -0.003758540
239, -0.005341477, 0.000653334, -0.004978511, 0.010228746
240, 0.011714765, 0.021712564, 0.027409669, 0.024094639
241, 0.029824842, 0.003014233, -0.013393055, 0.032258912
242, -0.015808234, 0.022380077, -0.002145340, 0.012112139
243, 0.040698990, 0.027937987, 0.010308144, -0.007523817
244, 0.013500204, 0.002742061, 0.007579209, -0.003931141
245, 0.029433698, 0.001860810, 0.031688872, 0.015956788
246, -0.009874772, 0.017800094, -0.003175386, -0.013268797
247, 0.005519945, 0.004963122, 0.027437663, 0.003509080
248, 0.030010407, 0.013869943, 0.043083679, 0.011907755
249, 0.033474036, 0.008177785, -0.016255585, 0.001308644
250, 0.028859176, 0.035101140, 0.041377685, 0.010570906
251, 0.023949298, -0.014005112, 0.017277105, 0.006612782
252, 0.014777730, 0.045492939, 0.042772237, 0.027968486
253, 0.035021820, 0.040290030, 0.012999194, 0.031991455
254, 0.020102552, 0.007867094, 0.013279081, 0.038285177
255, 0.041627358, 0.024335021, 0.011310622, -0.010438162
256, -0.004540918, 0.017273023, -0.003850968, 0.015767894
257, 0.029941679, 0.009568668, 0.030789051, -0.004077080
258, -0.004083717, 0.002467346, 0.019306814, 0.007507295
259, -0.006908729, -0.005912597, 0.035843789, -0.008377697
260, 0.012902814, -0.001093294, 0.038202299, 0.032637249
261, 0.037125895, -0.000128676, 0.025147584, -0.006548180
262, 0.006204649, 0.031480738, 0.002001701, 0.030745295
263, -0.006864330, 0.033602970, 0.036888287, -0.009081316
264, 0.020392067, 0.025226945, 0.001582531, -0.006124553
265, 0.004960751, 0.026951727, 0.027286471, 0.019385387
266, 0.036333325, -0.003602495, 0.028546650, 0.021424773
267, 0.024540842, -0.007297507, 0.041672756, 0.014261978
268, 0.035349628, 0.024407372, 0.034063951, 0.010809562
269, -0.014184798, 0.030934090, -0.000770736, 0.035057140
270, 0.010324157, -0.006700644, 0.030644630, 0.006441440
271, 0.008246567, 0.023562935, -0.008594422, 0.013970553
272, 0.038882487, 0.012406545, 0.004751750, -0.008832084
273, -0.002175080, 0.008472597, -0.002321129, -0.003502755
274, 0.013954153, 0.027057211, 0.030900723, 0.000862698
275, 0.037031054, 0.025097112, 0.014194721, 0.026858082
276, -0.002015857, 0.041079941, 0.040005588, 0.003071281
277, 0.034853436, 0.013969171, -0.004301459, 0.016500061
278, 0.025097743, 0.014814187, -0.000220374, 0.018458263
279, 0.000145982, 0.004886341, 0.023883069, 0.022781831
280, 0.027256886, 0.035564043, 0.024860074, -0.006497455
281, 0.034602598, -0.004247904, 0.013005634, 0.039953404
282, 0.037421757, 0.025277184, 0.034023395, 0.003852940
283, 0.014830506, 0.008508850, 0.043298257, -0.001363967
284, 0.029573377, 0.038495021, 0.047293655, 0.001316533
285, -0.007637282, 0.035834071, 0.011751989, 0.030838715
286, 0.027500034, 0.008465248, 0.025014963, 0.013151623
287, 0.005102810, 0.006840270, -0.009773504, 0.029863479
288, -0.006533041, 0.001060570, -0.013224071, 0.009831855
289, 0.014449642, 0.016217863, -0.002303089, -0.000732031
290, 0.017657081, 0.041730207, 0.012386856, 0.028164484
291, 0.010511460, 0.012276241, 0.004316615, -0.006485026
292, 0.007623246, 0.017074258, 0.032737721, 0.037103503
293, 0.031774699, -0.005976140, 0.004140312, -0.012979110
294, 0.008128836, 0.002126019, 0.040976317, 0.000743447
295, 0.034883814, 0.031686090, 0.016691095, 0.001969058
296, -0.003446306, 0.007417440, 0.030002706, 0.020277476
297, 0.034310390, 0.009320348, -0.000830746, 0.007939822
298, 0.018963919, 0.021869473, 0.002155725, 0.003954009
299, 0.039398314, 0.016341277, 0.036023316, 0.014210464
300, -0.006166105, 0.037011516, 0.013257023, 0.033493877
301, 0.045523921, 0.037485546, 0.006546853, 0.040708758
302, 0.020951145, 0.024714377, 0.003451196, 0.036787940
303, 0.005975555, 0.010325782, 0.018123786, 0.031613785
304, 0.023649004, -0.010401427, -0.008665707, 0.001410352
305, 0.036600581, 0.012945762, 0.028069650, -0.002291942
306, 0.041761206, -0.018354203, 0.025408125, 0.041415666
307, 0.023093433, 0.026457984, 0.032109674, 0.044979558
308, 0.005270805, 0.031756748, 0.008787851, -0.001036914
309, 0.018376555, -0.010428157, 0.020338756, 0.027274732
310, -0.005569740, 0.014576376, 0.027911295, -0.006706882
311, 0.026902178, 0.012490184, 0.023876561, 0.016373266
312, -0.001087276, 0.019362516, 0.022969173, 0.018576790
313, 0.020138674, 0.014267550, 0.041422962, 0.035249091
314, 0.023631403, 0.008029470, -0.009231313, 0.003091940
315, -0.001948486, 0.005062956, 0.035516838, 0.027979085
316, 0.004833578, 0.039485191, -0.010341105, -0.000706720
317, 0.033982852, 0.011593073, 0.012170850, 0.021393126
318, 0.020754928, 0.032117380, -0.008450469, 0.006168020
319, 0.043546844, 0.013831422, 0.014261005, -0.014925547
320, 0.030069407, 0.023793455, -0.016574903, 0.005901460
321, -0.008950567, 0.008222955, 0.014917274, -0.008694480
322, 0.022287578, 0.009405628, 0.004412974, 0.013807407
323, -0.005082567, -0.006908785, 0.038246388, 0.013047297
324, 0.019243365, 0.043108424, 0.034469551, 0.040596087
325, 0.014436103, 0.038302447, 0.023392438, 0.038121762
326, 0.035159522, -0.007367804, 0.009711635, 0.002205282
327, 0.005340256, 0.009743856, 0.038490487, 0.020633387
328, 0.020180580, 0.030264129, 0.020446251, -0.003820360
329, -0.009563181, 0.034555600, 0.030177135, 0.039038286
330, -0.000240697, 0.030340371, -0.003820169, 0.026386953
331, 0.025085285, 0.015572207, 0.034528370, 0.018273700
332, -0.000801930, -0.002281210, -0.004202927, 0.012083171
333, 0.029051999, 0.009374625, 0.002116417, 0.033396226
334, 0.004560070, -0.006448782, 0.043261907, 0.010150732
335, 0.013428006, -0.001672975, 0.030877876, 0.029164544
336, -0.012497394, 0.009914360, 0.032736707, 0.000270162
337, 0.047709862, 0.039698515, 0.001018502, 0.043246571
338, -0.003280808, 0.013593878, 0.030615852, -0.002110722
339, 0.042901877, -0.009079569, 0.032216710, 0.032002438
340, 0.012712029, 0.041787649, 0.005894616, 0.018888994
341, 0.017200390, 0.008315278, 0.015493319, 0.013478599
342, 0.024291974, 0.024979268, 0.031051296, -0.013179719
343, -0.003731632, 0.021718595, 0.009909010, -0.006402111
344, 0.004968427, -0.004281621, 0.004892913, 0.029228478
345, 0.034646094, 0.027899557, 0.019281635, 0.045590593
346, -0.008563274, -0.008530980, -0.007476165, 0.010006463
347, 0.008368689, 0.040305295, 0.011103476, 0.005842175
348, 0.036540940, 0.016133245, -0.010372857, 0.030213792
349, 0.001522541, 0.035053411, -0.003132263, -0.012781218
350, -0.002514783, 0.020682500, 0.002345104, 0.021950081
351, 0.029297941, 0.001678370, -0.008397859, 0.024411289
352, 0.037565224, 0.005693273, 0.036695212, 0.039503670
353, 0.038063156, 0.023855323, 0.019776393, 0.023091176
354, 0.005134608, 0.035133216, 0.008827342, 0.034865401
355, 0.043207021, 0.022966367, -0.006362469, 0.016228198
356, 0.035075274, 0.016652087, 0.023166979, 0.045389910
357, 0.012327943, 0.032878155, 0.006587548, 0.034250117
358, 0.027207963, 0.023526619, 0.037321692, 0.038656520
359, -0.010409645, 0.016154877, 0.004231152, 0.006734387
360, 0.040894649, -0.001087871, 0.001062419, 0.024150492
361, 0.026073496, 0.021356342, 0.033560147, 0.045494728
362, -0.000308311, 0.020950103, 0.009360945, 0.042363757
363, 0.034388269, 0.008445833, 0.011780544, 0.025553843
364, -0.006081145, -0.006265217, -0.004887022, 0.010239510
365, -0.000858541, 0.028443357, 0.002177911, 0.029030655
366, 0.027949798, 0.017196985, 0.010100923, 0.000911579
367, 0.002443877, 0.005422990, 0.007779745, 0.029483738
368, -0.015484690, 0.023799495, 0.033867770, -0.003780311
369, 0.018399214, 0.035499475, 0.028119482, 0.033240320
370, 0.030348488, 0.022663051, -0.012266164, 0.018954337
371, 0.009225230, 0.028497691, 0.003789069, 0.012398820
372, 0.031013235, 0.029826978, -0.005464327, 0.007478861
373, 0.002730516, 0.009284234, 0.017758835, 0.013521007
374, 0.043360876, -0.003098438, 0.014780037, -0.007377212
375, 0.023654709, 0.010760690, 0.018094107, 0.021666809
376, -0.009058668, 0.041397016, 0.007115078, 0.003563053
377, -0.014873648, 0.035344084, 0.018038848, 0.022450365
378, 0.024336819, 0.024526031, 0.035421248, 0.007658892
379, 0.025986322, 0.004608719, 0.008332452, 0.020778150
380, 0.014350044, 0.015659935, 0.010688865, -0.007024435
381, 0.001987307, 0.039357051, -0.001369633, 0.009094046
382, 0.018751014, -0.011922246, 0.028322074, 0.016015423
383, -0.003737551, 0.044875026, 0.000392943, 0.030897284
384, 0.019409437, 0.000058475, 0.018725567, 0.026753958
385, 0.021178750, 0.004580242, 0.039009445, 0.037408746
386, 0.032726623, -0.002546022, 0.007809052, -0.008310182
387, 0.010147004, 0.018989273, 0.024115575, 0.013456268
388, -0.011761338, 0.021829522, -0.004626822, 0.009655971
389, 0.013910081, 0.026084767, 0.022438959, 0.016633137
390, -0.018918718, 0.001092063, -0.005270109, -0.005449234
391, 0.007204144, 0.043688433, 0.038014775, 0.014564880
392, 0.023359072, 0.026689176, 0.035678576, -0.009239964
393, 0.024296594, 0.037983227, 0.028110284, -0.001020443
394, 0.011421788, 0.004734082, 0.032551579, 0.028242631
395, 0.029718861, 0.013758687, 0.018530146, 0.015387961
396, 0.041489785, 0.035781894, 0.016514414, 0.006609649
397, 0.016130656, -0.006988787, 0.037973106, 0.005657581
398, 0.002886001, 0.025357306, 0.026864873, 0.014673103
399, 0.013125557, 0.035886354, 0.041041749, -0.002758641
400, 0.023806900, -0.013732539, 0.009791069, 0.009059219
401, 0.019288940, 0.018079094, 0.037873155, 0.021411702
402, 0.005801193, 0.043325475, 0.045604486, 0.028220956
403, 0.035939630, 0.002790855, 0.010363264, 0.038847680
404, -0.008457072, 0.027591166, 0.024662650, 0.017910981
405, 0.006964427, 0.027573838, -0.000830311, 0.031171031
406, 0.008201715, -0.005025634, -0.003498265, 0.019816003
407, 0.016410741, 0.023493322, -0.006715168, 0.041181131
408, 0.018569432, 0.015788229, 0.022127027, 0.004975387
409, -0.011465450, -0.000267805, 0.030330818, 0.014447206
410, 0.032867456, 0.000572338, 0.011042876, -0.007870672
411, -0.000089080, 0.029981385, 0.003854101, 0.032357932
412, 0.011619739, 0.022543157, 0.008983518, 0.001174414
413, -0.004186592, -0.009595549, 0.002768236, 0.035624458
414, -0.006858219, 0.011160219, 0.018530073, 0.002899637
415, -0.000435358, 0.004406696, 0.039728319, 0.014359485
416, 0.005207707, -0.009647492, 0.007902351, 0.010048717
417, 0.042686908, 0.047035654, 0.023397893, 0.003001426
418, 0.001286442, 0.002571469, -0.008656600, 0.021835465
419, 0.029518358, 0.011061700, 0.021210598, 0.029136629
420, -0.009749834, 0.023315114, 0.032780832, 0.004391320
421, 0.000263768, -0.006780442, 0.013776809, 0.019006765
422, 0.020921214, 0.045969823, -0.007052445, 0.020641687
423, 0.019051215, 0.021603809, 0.013070762, 0.029221425
424, 0.032523959, 0.002278633, 0.024924499, 0.009180305
425, 0.017633191, 0.043090088, 0.039716778, 0.037237985
426, 0.016124219, 0.031310811, 0.003484770, 0.023966894
427, 0.040656883, -0.005491832, 0.011691028, 0.016836707
428, -0.011740643, 0.011392473, 0.032853365, 0.002691036
429, 0.003666048, 0.026818670, 0.040884891, 0.024587290
430, 0.002846008, 0.009007615, 0.008462863, 0.005054386
431, -0.006088435, -0.017725694, 0.000730931, 0.008430830
432, 0.034675629, 0.020394205, 0.014877429, -0.001180965
433, 0.029967540, 0.005711844, 0.033076576, 0.009441627
434, -0.000950138, 0.034697652, 0.043137029, -0.010479477
435, 0.004518974, 0.019239003, -0.008303023, 0.035656413
436, -0.009429331, 0.018226322, 0.037055140, -0.000512022
437, 0.038740600, 0.034468425, 0.023235584, -0.007586100
438, -0.003983179, 0.034497768, 0.004950370, 0.007927610
439, 0.001328040, 0.044191452, 0.005730867, 0.027570580
440, 0.034924424, 0.027106612, 0.042049868, 0.027934444
441, 0.002468900, 0.018925831, 0.006718949, 0.043733285
442, 0.013889980, 0.040695233, -0.004090075, 0.027441334
443, -0.006709830, 0.016719334, -0.002310494, 0.015874144
444, 0.009116204, 0.000613006, -0.009281778, 0.020024697
445, -0.001818679, -0.013690595, -0.016290624, 0.038164278
446, 0.023313283, 0.016213746, 0.021848729, 0.026453410
447, -0.005419490, 0.008967150, 0.011717724, 0.036962941
448, 0.020760236, 0.023533845, 0.005212306, 0.012896441
449, 0.040392821, 0.018759842, -0.011410174, 0.036701357
450, -0.007602893, 0.041446055, 0.035952088, 0.022610489
451, 0.029394905, 0.024451234, 0.001685754, 0.026500323
452, -0.011655826, 0.011154319, 0.013234562, -0.007851983
453, 0.016468006, -0.008188990, 0.029536934, 0.034471275
454, 0.025070246, 0.033781051, 0.014972478, 0.009526879
455, 0.037936556, 0.031041623, 0.016974195, 0.007083250
456, 0.020746380, -0.014497944, 0.014789635, 0.016574145
457, 0.002384739, 0.009772984, 0.022314223, 0.033823474
458, 0.001862846, 0.023374826, 0.043061581, -0.003558536
459, 0.017385173, 0.033387640, 0.014851027, 0.025288608
460, 0.026888066, 0.024492821, 0.029958755, -0.005941940
461, 0.006439496, 0.032321626, -0.007766193, -0.004917713
462, 0.010817040, 0.024110853, 0.038697355, 0.010135176
463, 0.003563976, 0.020506466, 0.037781351, 0.012098915
464, 0.005020919, 0.032402702, 0.009598570, 0.041329680
465, -0.004261860, -0.000388297, -0.010549698, 0.027679917
466, 0.015073921, 0.024674595, 0.039606330, -0.005963491
467, 0.013941477, 0.004906841, 0.040056342, 0.033001650
468, 0.019712457, 0.019539875, 0.025417680, -0.008145704
469, 0.016060078, 0.037841375, 0.005895913, 0.003944921
470, 0.042419815, 0.022670338, -0.003206212, 0.002481869
471, 0.005315724, -0.011629911, 0.038670030, 0.035100741
472, 0.033684143, 0.011868618, 0.019544333, 0.003062797
473, 0.033749961, 0.005733930, 0.024528019, 0.038235351
474, 0.016984757, 0.012721692, 0.016062384, 0.012777710
475, 0.007353706, -0.002453892, 0.006012003, 0.034098640
476, 0.011561723, 0.024521630, 0.020616902, 0.021206445
477, 0.013355628, -0.008807385, 0.005014344, 0.036184456
478, 0.022170814, 0.031327816, 0.014732176, 0.034591476
479, 0.012472529, -0.010709682, 0.005707174, 0.033170923
480, -0.003157567, 0.005793207, 0.005497630, 0.040326136
481, -0.001742126, 0.038634827, -0.007337807, 0.034971781
482, 0.001997552, 0.005647546, 0.020452846, -0.001579720
483, 0.004461599, -0.007050535, 0.017302876, 0.054359794
484, 0.032024448, 0.020192133, 0.010552449, 0.000915397
485, 0.032798861, 0.007345065, 0.014625665, 0.044500638
486, 0.029307882, -0.000392331, 0.003712046, 0.024731898
487, 0.036784381, -0.012296047, 0.001289536, 0.003049259
488, 0.037927433, 0.028557855, 0.035714377, 0.029901481
489, 0.014681169, 0.031719446, -0.003542347, -0.001563146
490, 0.041053003, 0.026701601, 0.021951536, -0.007465056
491, -0.013948299, 0.004717951, 0.019066716, 0.036653482
492, -0.002672506, 0.022670798, 0.003927848, 0.005095858
493, 0.040760245, -0.008852425, -0.006621983, 0.019641272
494, 0.031542011, 0.035275178, -0.000890984, 0.031248956
495, 0.002811035, 0.037270752, 0.007105307, 0.035248860
496, 0.015532009, 0.007820043, -0.009529679, 0.018085676
497, -0.004700571, 0.037437620, -0.001427668, -0.005405558
498, -0.007349814, 0.003200028, -0.009749319, 0.009109150
499, 0.026626525, 0.008218308, -0.002269720, 0.018778279
500, -0.002471030, 0.029303363, 0.020770188, 0.017194737
501, 0.002015402, 0.001120099, 0.029100974, 0.004355159
502, -0.005845307, 0.014931913, 0.030968793, 0.001960354
503, 0.004213723, 0.034007074, 0.042435406, 0.021656608
504, -0.000961868, -0.002848062, 0.005109342, 0.039097829
505, 0.013719540, 0.005935149, 0.044324556, 0.050111214
506, 0.010782829, 0.003317849, 0.027563042, 0.025223415
507, -0.001715930, 0.004540037, 0.025306092, 0.025065341
508, 0.007902845, 0.013590930, 0.017900018, 0.034260087
509, -0.005633187, 0.026381438, -0.007725741, 0.014305077
510, 0.004995630, -0.004875998, 0.008602371, 0.048118693
511, 0.015133314, 0.042190306, 0.010553321, -0.007905967
512, 0.016816153, 0.039350616, 0.031430609, 0.014994782
513, 0.014690975, -0.002817251, 0.002851371, 0.019848823
514, 0.041482241, 0.009046793, 0.000351604, -0.003467289
515, 0.000397468, -0.001190145, 0.036756630, 0.023369090
516, 0.038433510, -0.005454387, -0.013917668, 0.027211318
517, 0.005432328, 0.022234761, 0.041326630, 0.045436554
518, -0.001399778, 0.039040040, 0.026262031, -0.001694682
519, 0.016295262, 0.043978409, 0.006525349, 0.010092230
520, 0.037731548, 0.024858844, 0.005171843, 0.001767786
521, 0.030534889, 0.006559907, 0.047425650, 0.011001646
522, -0.005942215, 0.012901649, 0.006043319, 0.003622189
523, 0.019112375, 0.001357142, 0.003038988, -0.013077780
524, -0.005915279, 0.033693512, 0.020843467, 0.038126130
525, 0.015336173, 0.032045547, 0.004339942, 0.043212256
526, 0.000722367, 0.039356441, 0.035053563, 0.010163788
527, 0.000769931, -0.006528076, 0.018653668, 0.027787935
528, 0.032147274, -0.008880528, 0.013076141, 0.016477036
529, 0.046408272, -0.010255023, 0.027303563, 0.014816196
530, 0.009669246, -0.009949295, 0.009491706, -0.013561927
531, 0.036660062, 0.001383865, 0.042473501, 0.026715421
532, 0.017221560, 0.014004883, -0.004019279, 0.002598728
533, 0.023009172, 0.006334980, 0.020300210, 0.042583638
534, 0.041957188, 0.010678336, 0.009750314, 0.037144774
535, -0.003203304, 0.041302024, 0.013857345, 0.043624546
536, 0.023185970, 0.013583895, 0.020737982, 0.028865102
537, 0.008779269, 0.005276218, 0.008087110, 0.007013612
538, 0.028605724, 0.029847297, 0.020897494, 0.020350576
539, -0.005430538, 0.038473655, 0.032175722, 0.010834058
540, -0.010579487, 0.041572721, 0.036066591, -0.001660761
541, 0.004953424, 0.022711571, 0.023370768, -0.003174571
542, 0.009540356, -0.007960801, -0.010543504, -0.002027684
543, 0.022173631, 0.025104216, 0.037107523, 0.031655332
544, -0.005432431, 0.026833111, 0.006172556, 0.027375233
545, 0.024941196, 0.025224433, -0.006792877, 0.006970283
546, -0.009111858, 0.018391844, 0.026090785, -0.004096618
547, 0.007694122, 0.030832455, 0.006893121, -0.000354556
548, -0.004906309, 0.013172680, 0.032602135, 0.022348813
549, 0.006774438, 0.007008712, 0.009163002, 0.010706908
550, 0.032636037, 0.006067385, 0.035309973, -0.002822130
551, 0.024643362, 0.037562449, 0.021605731, -0.003668294
552, 0.027888359, 0.009470895, 0.032367318, 0.024784293
553, -0.009269207, 0.020488228, 0.032120921, 0.012869795
554, 0.008157084, 0.024609115, -0.006807316, 0.012962099
555, 0.001919879, 0.006782835, 0.012078150, 0.024797639
556, 0.008391240, -0.011849236, -0.009204223, 0.008291731
557, 0.002638924, 0.027163929, 0.005138380, 0.033825028
558, 0.017773253, 0.014775174, 0.031881519, 0.000285423
559, 0.017977260, 0.005592699, 0.004337117, 0.019880007
560, 0.037209662, 0.005412334, 0.029858839, 0.001019634
561, 0.002970862, 0.033658410, 0.035968621, 0.015779603
562, 0.039945659, 0.035178038, 0.039463717, 0.004595355
563, 0.016786639, 0.001742388, 0.042975557, -0.000687005
564, 0.024096575, 0.003313062, -0.005128717, -0.006018774
565, 0.035069072, 0.013821831, 0.019503794, 0.044562669
566, -0.002040778, 0.030898685, 0.032005034, 0.033253746
567, -0.001749291, 0.038141108, 0.034657590, 0.019973386
568, 0.041346854, 0.042260066, 0.018618201, 0.011757001
569, 0.005573074, -0.009560102, 0.033298009, -0.010640633
570, -0.007199239, 0.009499540, 0.016079356, 0.026356993
571, 0.017188913, -0.003660064, -0.007898773, 0.001516442
572, -0.015621808, 0.014440446, 0.029056883, 0.013066093
573, 0.039747434, 0.023928296, 0.008248281, 0.042689753
574, 0.007461124, 0.006199008, -0.013032190, 0.004971917
575, 0.029136594, -0.004784033, 0.012007228, 0.021333141
576, 0.022069229, 0.002081378, 0.018022102, 0.014222493
577, 0.027756304, 0.026824208, -0.006441233, 0.017254183
578, 0.012839319, 0.009661588, 0.036454244, 0.026545202
579, 0.037756866, 0.014250020, 0.030378695, 0.008981024
580, -0.005071349, 0.036570656, 0.017049322, 0.042506774
581, 0.007694459, -0.004783407, 0.028846744, 0.007730846
582, 0.040295737, -0.000826072, 0.014360679, 0.006810448
583, 0.025905458, 0.028660110, -0.011046711, 0.019352683
584, 0.015568027, -0.007883781, 0.037739993, 0.022040164
585, 0.023102525, 0.037941174, 0.029984701, 0.008066524
586, -0.002657133, 0.028608693, 0.032792147, 0.000456615
587, 0.026557777, 0.027795683, 0.005368618, 0.002558086
588, 0.038265567, -0.010182442, 0.041870397, 0.016111275
589, 0.042494266, 0.008468526, 0.014653700, 0.011122562
590, 0.021943946, 0.003466735, 0.001686522, 0.031036396
591, 0.001834540, 0.023378500, 0.043511899, 0.017310336
592, 0.033446240, 0.045029832, 0.010031885, 0.012231068
593, 0.032077658, 0.044992647, 0.017630703, 0.001021946
594, 0.036546540, 0.041254683, 0.034751840, 0.046463286
595, 0.006922014, 0.015142025, -0.014034878, 0.014094712
596, 0.021669530, 0.043862121, 0.032600136, 0.045034788
597, 0.016757941, 0.018110587, 0.031545663, 0.033850847
598, 0.006195277, 0.028578010, 0.011915981, 0.025741559
599, 0.040596071, 0.036010740, 0.027244694, 0.013047260
600, 0.031988614, -0.003015234, 0.018476569, 0.041632646
601, 0.013920401, 0.038696725, -0.006254569, 0.043832063
602, 0.021287313, 0.008273241, 0.021989936, -0.000503201
603, 0.006056562, -0.005541672, 0.032048652, 0.021694503
604, -0.005518528, 0.024795648, 0.025140263, 0.015796796
605, 0.005730079, 0.017940604, 0.000378985, 0.013062153
606, 0.030930025, 0.012100904, 0.033824255, 0.032373412
607, 0.040953954, 0.027669194, -0.001673452, 0.002873530
608, 0.011287611, 0.034687465, 0.040917351, 0.024565543
609, -0.015372360, -0.002325658, -0.007657014, 0.006125177
610, 0.012699543, 0.006989968, 0.005683522, 0.008335361
611, 0.015549833, 0.002168921, 0.033088809, 0.024780624
612, 0.009829349, -0.001899257, 0.011535679, 0.006620078
613, -0.006788223, 0.002650342, -0.003781811, 0.014214533
614, -0.001935057, 0.021033359, -0.000300417, 0.006064564
615, 0.024632925, 0.004964538, 0.022070206, 0.037369700
616, -0.013326404, 0.022938158, 0.016422101, 0.008659769
617, 0.029344412, 0.009731265, 0.038208264, -0.003962390
618, -0.005149070, 0.032889408, -0.006767281, 0.008765599
619, 0.026176866, 0.011059831, 0.010082770, 0.007792696
620, -0.000546914, -0.010942928, 0.027693375, 0.007848062
621, 0.025807975, -0.000286967, -0.000132797, -0.004290273
622, 0.038431640, 0.036063438, 0.011893576, -0.000096780
623, 0.017462870, 0.005902764, 0.030569655, 0.009440473
624, 0.038782710, 0.005271628, 0.034757345, 0.009713900
625, 0.026293284, 0.006429686, 0.021125517, 0.026981770
626, -0.005462354, -0.009835034, 0.039705279, -0.004338121
627, 0.003839387, 0.021600544, -0.010194541, 0.014115702
628, -0.005526893, 0.004426328, 0.016644456, 0.033991321
629, 0.015101820, 0.002864886, -0.002681485, 0.023526215
630, 0.009247909, -0.007225130, 0.028030809, 0.008516344
631, 0.008253703, 0.016579173, 0.037506502, -0.006709327
632, -0.009861485, -0.007400527, 0.030689959, 0.043362979
633, 0.032368237, 0.002767379, 0.029857232, 0.012028768
634, 0.016146608, -0.001187217, 0.011421447, 0.031985609
635, 0.036111381, 0.010602920, 0.031149209, 0.015464594
636, 0.031364865, 0.021151648, 0.035902905, 0.025259960
637, 0.008094419, 0.018085925, -0.003774507, 0.049051131
638, 0.034577936, 0.038343039, -0.002603128, 0.015004131
639, 0.033413590, -0.011703522, 0.007638666, 0.021052157
640, 0.035783924, 0.014774601, 0.007892684, 0.004948400
641, 0.014511446, 0.002629075, 0.015859465, 0.012605117
642, 0.032678413, 0.010611651, 0.019415596, -0.008435616
643, 0.042708286, 0.035058942, 0.026878811, 0.003399842
644, -0.003478350, 0.005887989, 0.018657474, -0.018845266
645, 0.021905971, -0.002910022, 0.035681452, 0.036297046
646, -0.008438615, 0.004474291, -0.002914910, 0.030848866
647, 0.021635234, 0.011592500, 0.025051817, 0.043836356
648, -0.005757674, 0.001850560, 0.037690095, -0.008793624
649, 0.001910976, -0.005526355, -0.007544407, 0.008924772
650, -0.008759549, -0.003539551, -0.007329443, 0.033006474
651, 0.041626517, -0.004085932, 0.025731089, 0.027399893
652, 0.013428788, 0.040890880, 0.003185021, 0.015631860
653, -0.007869398, -0.009368030, 0.009531606, -0.008384826
654, 0.035119260, 0.010649062, 0.019065655, 0.014323221
655, 0.026745583, 0.021193884, 0.020491382, 0.009540401
656, 0.005467121, 0.014394036, -0.003456367, -0.001708198
657, 0.030759545, 0.034669462, 0.038938050, 0.025418368
658, 0.007828500, 0.029595764, 0.002367694, 0.031611681
659, 0.006368590, 0.024057590, 0.024790215, 0.039477421
660, 0.041136129, 0.036471395, 0.045397359, 0.000264713
661, 0.031729122, -0.006463556, 0.028885171, 0.026529910
662, 0.027268819, -0.000412565, 0.012669915, 0.022937958
663, 0.000100287, 0.007642834, 0.012972357, 0.003516750
664, 0.038968799, -0.008478523, 0.013157878, 0.024453896
665, -0.006283674, 0.043531651, 0.013387776, 0.042104654
666, -0.003683256, 0.031625165, 0.031561273, 0.009530900
667, 0.024554516, 0.017983028, 0.031943949, -0.005574958
668, -0.000573445, -0.005892142, 0.030349001, 0.002231144
669, 0.012790778, 0.010838501, -0.002340776, 0.022329858
670, -0.007013613, -0.005486924, 0.011598166, 0.032561802
671, 0.021936751, -0.011126926, 0.035747573, -0.008907085
672, -0.000398039, 0.008102772, 0.017777597, 0.008344061
673, -0.004355151, 0.000728126, 0.016498480, 0.029857610
674, 0.027166703, 0.008904018, 0.002724719, -0.001986356
675, 0.009677057, 0.021207044, 0.023817192, 0.036635246
676, 0.018641433, 0.028934720, 0.031903478, -0.004270983
677, 0.017011130, 0.021626213, -0.001123594, 0.040334058
678, 0.012228617, 0.012032540, -0.008149982, 0.018892543
679, 0.030031318, -0.007299618, 0.033407983, 0.004317161
680, 0.012048028, 0.042179747, 0.000919988, 0.036415327
681, 0.024811776, 0.009360766, 0.039944663, -0.006449821
682, -0.002107052, 0.044437170, -0.000068459, 0.001806466
683, 0.039506633, 0.034088972, -0.010808452, 0.008221559
684, 0.019108631, 0.006982646, -0.006294734, -0.009369518
685, 0.003928151, -0.002311152, 0.030395593, 0.023164311
686, -0.002608452, 0.025101257, 0.037347339, 0.024576423
687, 0.027490610, 0.008080936, -0.009584257, 0.043278922
688, 0.006197445, -0.009877098, 0.021587173, -0.006246038
689, -0.000278592, -0.009290906, 0.021099590, 0.031973106
690, 0.013986503, -0.003544831, -0.001092752, 0.011747076
691, 0.044377821, 0.001753275, 0.015656583, 0.006299463
692, -0.007035350, -0.007906378, -0.001978420, 0.012204670
693, 0.018657936, 0.015451878, 0.013503539, 0.010795332
694, 0.029147100, 0.028094367, 0.045057136, 0.022593459
695, -0.014461781, -0.012201964, -0.005933454, 0.022671585
696, -0.005777055, 0.020747118, 0.003478740, 0.002635255
697, 0.006262402, 0.013669152, 0.003085668, -0.002159657
698, -0.005320855, -0.004447168, -0.000022415, 0.013860283
699, -0.008755734, 0.022158534, 0.026197091, 0.011754664
700, 0.002649654, -0.007593649, 0.002017270, 0.009245821
701, 0.028978959, 0.012682525, 0.030108171, -0.007189650
702, -0.006044769, 0.038242972, -0.001981037, 0.042193968
703, 0.033335094, 0.028109557, -0.005482627, 0.043009834
704, 0.019972034, -0.008555805, 0.012171729, 0.016722831
705, 0.002026707, -0.002111354, -0.010747696, 0.035683031
706, -0.003425739, -0.009576151, 0.044800627, -0.005751580
707, 0.045079035, -0.001230491, 0.011079180, 0.008241901
708, -0.002417621, 0.033784784, 0.038500927, 0.034218640
709, -0.009872109, 0.023707034, 0.035140703, 0.011910333
710, 0.014057935, 0.021540143, 0.002400992, 0.017143788
711, -0.008083726, -0.002239328, 0.017669329, 0.005549847
712, 0.024086823, 0.023205502, 0.030026818, 0.045162336
713, 0.027482801, 0.010877549, 0.022833666, 0.007960898
714, -0.003791544, 0.037400062, -0.004928685, -0.008965822
715, 0.012044135, 0.020782425, 0.021316815, 0.040337228
716, 0.027930108, 0.000238164, 0.029755357, 0.032485271
717, 0.011481240, 0.045674020, 0.019198318, 0.006190766
718, 0.036779685, 0.028488217, 0.026054086, 0.016594478
719, 0.037960518, 0.036236181, 0.034523542, 0.006571694
720, -0.005644260, 0.026665117, -0.012567548, -0.002402575
721, 0.032076126, 0.004913539, 0.013004145, 0.022032071
722, 0.024715514, 0.023709790, 0.020026330, 0.021439470
723, 0.022750525, 0.004792483, 0.024825544, 0.039491157
724, -0.010715881, 0.039120369, -0.007122915, 0.010003556
725, 0.028912426, 0.003222270, -0.003230994, 0.000554915
726, 0.006195897, 0.021492950, 0.027429392, 0.035767115
727, 0.005254748, 0.027149478, 0.020477231, 0.031392419
728, 0.022499387, -0.002677343, -0.002131080, 0.008182956
729, -0.001567009, 0.000077634, 0.000820648, -0.008191891
730, 0.037489767, 0.042329853, 0.013561262, 0.004712354
731, 0.021905796, -0.000750568, 0.017385710, 0.012068257
732, 0.030177034, 0.024622682, 0.000698899, 0.018449769
733, -0.012336173, 0.000727848, 0.030307993, 0.039660111
734, 0.019600185, 0.028169339, 0.013742866, 0.039388759
735, -0.007328295, 0.017452457, 0.003669676, 0.016169556
736, -0.006057013, 0.019750789, 0.007996424, -0.011690863
737, 0.015138665, 0.028762107, 0.008091554, 0.001654068
738, 0.031475060, -0.004938091, 0.008203021, 0.003827536
739, 0.002884851, -0.000371246, 0.042113885, 0.002143736
740, 0.041597611, -0.015993947, 0.031395800, 0.043512754
741, 0.028188710, 0.039954096, 0.032824940, 0.012546125
742, 0.010267774, 0.009799144, 0.005470211, 0.004958846
743, -0.017651109, 0.008647658, 0.026286035, 0.001645834
744, 0.017247559, 0.019496535, 0.013473492, -0.010447045
745, 0.046104690, -0.012371036, 0.012906649, -0.000209533
746, 0.005678630, 0.038131115, 0.010574758, 0.037211306
747, 0.012004940, 0.024220828, 0.009935798, 0.008845905
748, -0.009006900, 0.011433512, 0.033266789, 0.032612408
749, 0.034405210, 0.026913519, 0.008976531, -0.003944881
750, -0.011423467, 0.032722258, 0.023439185, 0.032697283
751, 0.027805788, -0.009282405, 0.011228542, 0.035285123
752, -0.008934584, -0.014326537, 0.034672971, -0.004971808
753, 0.044448703, 0.019778535, 0.037078480, 0.028299224
754, 0.030612037, 0.014315175, 0.030306282, 0.039417376
755, 0.029556541, 0.006895872, 0.007130713, -0.004730800
756, 0.034216499, 0.027367788, 0.003915820, 0.025946121
757, 0.003722689, 0.013457700, -0.012629924, 0.003899902
758, 0.005543494, 0.036444205, 0.014425361, -0.000555301
759, 0.004372240, 0.036294010, -0.000734611, 0.019401991
760, -0.010049070, 0.017285669, 0.028152204, -0.001205942
761, 0.035904310, 0.032608899, 0.001869686, 0.011546996
762, 0.015009914, 0.041958606, 0.018849626, 0.036695926
763, 0.031169945, 0.010004615, 0.023902872, 0.036565256
764, 0.025639003, 0.009271152, 0.035436186, 0.014353270
765, 0.007956038, 0.015511478, 0.034952074, 0.014220440
766, 0.029236913, 0.013504317, 0.008519164, -0.000360425
767, 0.022705681, -0.013053874, 0.017683478, 0.035469504
768, 0.009830379, 0.004261900, 0.006713920, 0.031559205
769, -0.008580175, 0.035888608, 0.001939630, 0.002965635
770, -0.001957534, 0.036181029, 0.022269019, 0.009054580
771, -0.013888824, 0.027913082, -0.002739079, -0.002378551
772, 0.013657605, 0.013086947, 0.018151207, -0.013134697
773, 0.035005071, 0.042306138, 0.003035869, 0.042247509
774, -0.003212053, 0.003202759, 0.014125519, 0.030977127
775, -0.011823309, 0.012545322, -0.007484952, -0.003623603
776, 0.000959050, 0.005317921, 0.018134529, 0.025568171
777, 0.018311306, 0.031133793, 0.007183322, 0.046522448
778, 0.015746793, 0.015215167, 0.013847325, 0.045321099
779, 0.019972437, 0.001821129, -0.006079119, -0.006925384
780, 0.026538981, 0.021349034, 0.009372775, 0.018235038
781, 0.004699552, 0.003838296, 0.032980569, -0.009592473
782, 0.015479996, 0.031958516, 0.046457039, -0.002004482
783, 0.015814106, 0.012627403, 0.002317723, 0.034532485
784, 0.034783700, 0.015018720, 0.023156532, 0.024197012
785, 0.027095767, -0.013943210, 0.029122868, 0.034493250
786, 0.032092713, 0.017095768, 0.014720793, 0.026656498
787, 0.023189093, 0.019171648, 0.017795371, 0.033805827
788, 0.010254273, -0.014852561, 0.002177446, 0.029554357
789, 0.002264233, 0.006323306, 0.030366478, 0.026440038
790, 0.002222031, 0.022927101, 0.011234922, 0.024641319
791, 0.040553768, 0.036115531, 0.032422644, 0.041387180
792, -0.010337580, -0.015043300, 0.035666261, 0.021051159
793, 0.002766163, 0.021367182, 0.011916567, 0.035935319
794, 0.005929480, 0.020673939, 0.006148599, 0.037247206
795, 0.002841539, 0.003694852, 0.012625695, 0.005341941
796, 0.016216363, 0.014901909, 0.013855818, 0.040153606
797, 0.009415156, -0.005688657, 0.047017537, 0.006569509
798, 0.023341719, -0.001445912, 0.015573469, 0.007628364
799, 0.009776771, 0.035717084, 0.030519918, 0.029292147
800, -0.004471628, -0.006710674, 0.010119806, 0.021291157
801, 0.017491162, 0.032256338, 0.019224438, 0.034289994
802, 0.037458699, 0.014004331, 0.033442580, 0.011419453
803, -0.005338193, 0.030790141, 0.008455796, -0.009639203
804, 0.009459098, 0.036863745, 0.025737795, -0.007503259
805, 0.016845880, 0.004333762, 0.019661435, 0.029990291
806, 0.020743762, 0.017209666, 0.007803910, 0.025936065
807, 0.030124437, 0.017117808, 0.033179906, 0.032341304
808, 0.032501465, 0.011378074, 0.030023825, 0.036861770
809, 0.033473727, 0.021184240, 0.032626333, 0.000308370
810, 0.001576569, 0.028484269, 0.008906852, 0.020358171
811, 0.003119447, 0.036540008, 0.037137829, 0.005245461
812, 0.021438899, 0.030428700, 0.010045272, 0.001956429
813, 0.003575763, 0.021279864, 0.037971408, 0.013127970
814, 0.020076234, 0.024019676, -0.007060567, 0.020478288
815, 0.039296465, 0.014962359, 0.021627163, 0.011726742
816, 0.003039522, 0.029868722, 0.031574491, -0.004801421
817, 0.013142787, 0.037961229, 0.019590569, 0.035861626
818, 0.015041410, 0.004700123, 0.014817285, -0.007301370
819, 0.003542029, 0.039052226, 0.036871202, 0.020073834
820, 0.017262035, 0.018961229, 0.037956681, 0.002383328
821, 0.002922067, 0.034110256, 0.040462790, -0.006025297
822, 0.036573933, 0.029380591, 0.029402166, 0.002214072
823, 0.040987744, 0.038055045, 0.006032541, 0.000920751
824, 0.016580793, 0.038335096, -0.000144497, 0.015543156
825, -0.003695230, 0.006254156, 0.016572527, 0.038671423
826, 0.018051300, 0.016243055, 0.039719680, 0.002410869
827, 0.020147124, 0.008261970, 0.023140355, 0.013132185
828, 0.011431637, 0.026698152, 0.035063916, 0.019380524
829, -0.000679893, 0.010235631, 0.032724298, 0.031227144
830, 0.032475934, -0.009937689, -0.011277063, -0.005495305
831, -0.000311183, 0.033962394, 0.003836560, 0.011556870
832, 0.008923039, -0.010099680, 0.016985785, 0.019349401
833, 0.033717202, 0.036875663, 0.008730348, 0.041436003
834, 0.001012568, -0.008090747, 0.012147451, 0.005450973
835, 0.025444496, 0.010473766, -0.011784387, -0.005138658
836, 0.033116211, 0.004926680, 0.020958813, 0.017092122
837, -0.009713544, 0.028938940, 0.039822289, 0.009242141
838, 0.006648403, 0.024696963, 0.026280517, 0.032117609
839, 0.045450796, 0.014495051, 0.021789380, 0.025757001
840, -0.012068967, -0.009293338, -0.005198544, 0.013276814
841, 0.034590190, 0.002963161, 0.011105407, 0.037006004
842, -0.014853285, 0.041649884, -0.000247682, -0.011337677
843, 0.028178566, -0.010858032, -0.003612846, 0.015378462
844, -0.014807111, 0.029300975, -0.008664338, 0.018521244
845, 0.000118673, 0.000975261, 0.008389724, -0.012497665
846, -0.005503946, 0.026019083, 0.021816518, 0.014235366
847, 0.029761575, 0.014447482, 0.024462571, 0.038135719
848, 0.034920042, 0.007769289, 0.002051985, -0.014673064
849, -0.008181778, 0.003500840, -0.001132035, 0.037009740
850, 0.035679011, -0.007417736, 0.029621474, -0.006441157
851, 0.022389706, 0.007032296, 0.021752774, 0.006099133
852, -0.000241139, -0.003559220, -0.005935373, -0.016484265
853, 0.004197207, 0.003932140, -0.009926449, 0.037123692
854, 0.017756745, -0.008076188, -0.007264673, 0.021546759
855, -0.012399356, 0.002127113, -0.001516178, 0.038869051
856, 0.024797574, 0.009044464, 0.004416500, 0.012872196
857, 0.010587728, 0.005213993, 0.033181668, 0.005021355
858, -0.007362603, 0.019179891, 0.032322630, 0.032900214
859, 0.009330096, 0.037979989, -0.001267512, 0.031802288
860, 0.019917117, 0.000174561, 0.033605390, -0.003877349
861, 0.036216619, 0.013610849, 0.025573889, 0.029935457
862, 0.030746544, 0.030938212, 0.038387677, 0.040109354
863, 0.027516856, -0.003939786, 0.007198156, -0.003310263
864, 0.023161444, -0.008205541, 0.037610931, 0.008845568
865, -0.009505279, 0.023267554, 0.017864699, 0.027064003
866, 0.033736414, 0.011232952, -0.016680093, 0.006917035
867, 0.021454169, 0.037630910, -0.004705921, 0.041765361
868, 0.019035277, 0.031483506, 0.022852333, -0.000270656
869, -0.006417045, 0.022728041, 0.002796952, 0.039591546
870, 0.013008380, -0.017608496, 0.003339375, 0.020630445
871, 0.004973288, 0.019964043, 0.018683228, -0.010186885
872, 0.003519355, -0.003901612, 0.002184585, -0.002954004
873, 0.022777376, 0.021584305, 0.013358008, 0.005488108
874, 0.011387767, 0.033244974, 0.033350789, -0.004072153
875, 0.025067967, 0.043476232, -0.007459911, 0.042335230
876, 0.007387055, 0.042328360, 0.018161867, -0.007939290
877, 0.000282875, -0.017796034, 0.021932537, 0.030688343
878, 0.014603467, 0.038755141, 0.010506121, 0.000726826
879, 0.040061406, 0.021021713, 0.030646434, 0.024738474
880, 0.037880565, -0.007960624, 0.038563504, 0.011684871
881, 0.024325926, 0.016168187, 0.011999843, 0.035131627
882, -0.001562325, 0.003539121, 0.016168075, 0.019433192
883, 0.015278264, -0.007465767, 0.022110824, 0.020625199
884, 0.004393834, 0.003402430, -0.005129701, -0.000282576
885, 0.018969395, 0.003782824, 0.013978775, 0.040516408
886, 0.036455427, 0.035528451, 0.006081778, 0.023569911
887, 0.017995426, -0.005404865, -0.011794985, -0.005791973
888, 0.025549793, -0.012286439, -0.007007426, -0.001617685
889, 0.040591245, 0.028940470, 0.007918468, 0.020433043
890, 0.026375009, 0.031314123, -0.009613843, 0.031888950
891, -0.009548481, 0.027288541, -0.005978306, 0.038081750
892, -0.007223068, 0.030713041, 0.024312040, -0.008250890
893, 0.038548727, 0.024046516, 0.036527745, 0.018468781
894, -0.010089596, 0.001378071, 0.006192052, 0.012344986
895, 0.047461421, 0.042487175, 0.007308620, 0.012609555
896, 0.032512844, 0.014515197, 0.031762297, 0.021884041
897, 0.005173810, 0.043652633, 0.020167920, -0.001979682
898, 0.006970217, 0.010793921, 0.005798450, 0.015587707
899, 0.022903118, 0.004289228, -0.002966968, 0.034852935
900, 0.041937312, -0.001540085, -0.011749197, 0.027335923
901, 0.005816439, -0.012298068, 0.021691401, -0.000316200
902, 0.033963135, 0.025598359, 0.024364211, -0.002068372
903, -0.009705282, 0.032784804, 0.002197584, 0.038336790
904, 0.002528853, 0.030495736, 0.020783270, 0.034459475
905, 0.033439054, 0.008899310, 0.010657215, 0.037161864
906, 0.033742324, 0.034116491, -0.007359163, -0.012730016
907, 0.027856115, 0.037831481, 0.038785263, 0.014352399
908, 0.017724513, -0.002729923, -0.001168513, 0.002650032
909, 0.003464066, -0.000459100, -0.013688672, -0.004371837
910, 0.038088205, -0.009436729, 0.026582441, 0.011013682
911, 0.030092564, -0.007006662, 0.006002899, 0.038808792
912, 0.006586814, -0.014296949, 0.022073443, 0.030268027
913, -0.001245815, 0.027757521, -0.003556938, -0.012143442
914, 0.007490923, 0.034124155, -0.001282593, 0.030900886
915, 0.036067332, 0.048065169, 0.037868725, -0.008825880
916, 0.030551809, 0.031409130, 0.016463726, 0.005074342
917, -0.007579251, 0.023503896, 0.014764238, 0.012962530
918, -0.007516761, 0.018307748, 0.028452004, -0.002030851
919, 0.000280748, 0.008302338, 0.020152739, 0.001768102
920, 0.030009807, 0.007433470, -0.005769043, 0.035350081
921, 0.039863315, -0.011450630, 0.006298593, -0.002456922
922, 0.018908757, -0.005062144, 0.019769114, 0.022216315
923, 0.041335412, 0.012710668, -0.002595862, 0.040970364
924, 0.027274153, -0.002774485, 0.015650516, 0.004565609
925, 0.031105880, -0.010298342, -0.005692334, -0.007829633
926, 0.014996578, 0.025926414, 0.018264217, 0.007839446
927, 0.038338385, 0.009812796, 0.020773693, -0.010933485
928, 0.036550477, 0.015886115, 0.027672388, -0.007696960
929, -0.009374670, 0.027833990, 0.032637244, 0.009659510
930, 0.000332085, 0.001918636, 0.035405126, 0.041401460
931, 0.014285039, 0.003297795, 0.035743794, -0.012505165
932, 0.002484282, 0.004160022, 0.023233456, 0.008627202
933, 0.034553890, -0.000299910, 0.026240649, 0.021902811
934, 0.027681725, 0.037965155, 0.013690573, 0.012410216
935, 0.015186918, 0.018030043, 0.019243408, 0.017699207
936, 0.019481790, 0.021049558, 0.018549889, 0.007003699
937, 0.033009702, -0.011346940, 0.025819032, 0.038583741
938, 0.038670386, 0.022547713, 0.031834696, 0.032499614
939, 0.011492865, 0.011266215, 0.014308578, 0.004873633
940, 0.018549526, 0.031005487, 0.034211808, 0.040326021
941, -0.008298229, 0.009361050, 0.038178468, 0.006040163
942, 0.026201950, -0.008224977, 0.022619128, 0.006702589
943, 0.008839619, 0.020438427, -0.009732063, 0.040683867
944, 0.003041319, 0.026742860, 0.021381537, 0.039976378
945, -0.005473089, 0.031574678, -0.016839078, 0.001328128
946, 0.032785988, 0.028978765, 0.035959342, 0.010139249
947, -0.002878245, 0.030269779, 0.003826669, 0.007071754
948, 0.030948131, 0.040269372, 0.025021851, -0.005859212
949, 0.026895612, 0.013059238, 0.012533619, 0.027508643
950, 0.022149450, 0.009028063, -0.018218517, 0.038025268
951, 0.015217088, 0.019304188, 0.004903913, -0.006894528
952, 0.009805105, -0.012433567, -0.006973022, 0.038687902
953, 0.036463070, 0.002914362, 0.007215029, 0.033733772
954, 0.018748220, 0.019043558, -0.009254672, 0.001359008
955, 0.012647722, 0.038206945, 0.024038623, 0.026420470
956, 0.035267013, 0.014705690, 0.018491922, -0.000149884
957, 0.033960751, 0.020477669, 0.003947695, 0.024490912
958, 0.037760728, 0.042898930, -0.000827356, -0.002867107
959, 0.019437415, 0.039563492, 0.012701486, 0.012790231
960, -0.003550874, 0.027321797, 0.028863764, 0.013543466
961, -0.006316969, 0.000871513, 0.017103827, -0.006557201
962, 0.015507305, 0.036323751, 0.013753825, 0.046120492
963, 0.003385873, 0.035305292, 0.004299727, 0.013817874
964, -0.015288334, 0.023552293, 0.020605522, -0.005202233
965, 0.038825234, 0.035654904, 0.003274694, 0.035757663
966, 0.016562510, -0.008027960, 0.000978689, -0.009756457
967, -0.011892778, 0.002245200, 0.029981672, 0.022519460
968, 0.016256141, 0.019583098, 0.038593760, 0.016824580
969, 0.034327241, -0.009313583, -0.002407930, 0.000831630
970, -0.007352140, 0.042561658, 0.034326875, 0.013690638
971, 0.010952523, -0.001279457, 0.014521673, -0.001732163
972, -0.015791358, -0.012221939, -0.001664691, 0.009900784
973, 0.014158068, -0.003694359, 0.034985747, 0.003703984
974, -0.012410100, -0.005757935, 0.012660486, 0.028351543
975, 0.034500535, 0.005976806, 0.020461692, 0.001121110
976, 0.003166831, 0.019767466, 0.036149216, 0.007135349
977, 0.017799136, 0.012569898, 0.039437325, 0.031452011
978, -0.006913744, -0.001978753, -0.004611009, 0.040749606
979, 0.037043210, 0.027473779, 0.040238794, 0.014703038
980, 0.015317020, 0.026476211, -0.003370978, 0.010463225
981, 0.000570358, 0.003622484, 0.016338814, 0.032425379
982, 0.003626123, 0.030321252, 0.002290410, 0.021503128
983, 0.022257792, 0.029822496, 0.030931457, 0.028033330
984, 0.026217472, 0.033009699, 0.019933780, -0.001869213
985, 0.011868844, 0.024063994, 0.028645872, 0.000829144
986, 0.030960079, 0.006725501, 0.024296117, 0.022890587
987, -0.002902307, 0.032278882, 0.011707765, 0.030236199
988, 0.023236786, 0.012897653, 0.026979047, 0.012799175
989, 0.035633801, -0.008315555, 0.008430545, 0.011383517
990, 0.028009955, 0.024045449, 0.036247802, 0.011824538
991, 0.036913530, 0.022968837, 0.030043401, 0.031166098
992, -0.007018940, 0.000031522, 0.005403590, -0.014865891
993, 0.022084770, 0.017601830, 0.004901178, 0.027049875
994, 0.006076910, 0.041959467, 0.026261893, 0.037227174
995, -0.006544800, 0.039350259, 0.000123828, 0.041310596
996, -0.007590710, 0.001873236, 0.005819929, 0.000034769
997, 0.002298725, -0.008299407, 0.029952665, 0.019937798
998, -0.013584719, 0.020988494, 0.013172119, 0.031124679
999, -0.002105949, 0.011952694, 0.041483659, 0.036511195
1000, 0.030816039, -0.013728764, 0.024785406, 0.041705503
