Meas, V1, V2, V3, V4
0, -0.001068272, 0.010175826, -0.001563827, 0.007884667
1, 0.026542912, 0.029991361, 0.010387754, 0.035436849
2, 0.018979491, 0.034066213, 0.039250648, 0.050267742
3, 0.011356304, 0.017227873, 0.036619076, 0.005122162
4, 0.020078163, 0.014400096, 0.006247688, 0.041650079
5, 0.033584065, 0.029863254, 0.017929350, 0.017053203
6, 0.032576147, -0.004179114, 0.000157971, 0.035797987
7, 0.002765512, 0.023684046, 0.038518345, 0.034538657
8, 0.012404347, 0.031781342, 0.020674655, 0.009117781
9, 0.043574061, 0.042171050, 0.015465229, 0.006278149
10, -0.003399423, 0.038815062, 0.031250201, 0.006606764
11, 0.037195695, -0.013677384, 0.027977791, -0.010513460
12, -0.011450790, 0.026981679, 0.004571585, -0.013905142
13, 0.005206930, 0.019580563, 0.039439581, 0.024675664
14, 0.025251794, -0.010825000, 0.023784440, 0.016886945
15, -0.013516341, 0.015734597, 0.028443964, -0.011466694
16, 0.014515446, 0.012666353, 0.025033613, 0.008109558
17, 0.044961065, 0.029763082, 0.000089021, -0.003816202
18, 0.041691367, -0.010103961, 0.002397474, 0.006157038
19, 0.020306490, -0.010097638, 0.008292126, 0.006242198
20, 0.017136093, 0.016312348, 0.032325436, -0.002468844
21, 0.007444321, 0.017165104, -0.005842783, 0.004234503
22, 0.032921320, 0.009317122, 0.041047499, -0.009500193
23, 0.025409229, 0.024237944, -0.010998695, 0.031874323
24, -0.011210045, 0.006598283, 0.041984888, 0.022586297
25, -0.010112169, 0.035991147, 0.016648335, 0.027937182
26, -0.001206640, -0.000887170, 0.020300893, 0.025259273
27, 0.000945936, 0.040196079, 0.008893963, 0.020813761
28, -0.013899508, 0.014618012, -0.015796941, 0.036566966
29, 0.031100588, 0.034530882, 0.023123667, 0.041515492
30, 0.031885546, -0.007083453, -0.010753252, -0.010179191
31, 0.020051250, 0.035392378, 0.024415349, 0.032699421
32, 0.013273251, 0.015449603, 0.009014120, 0.005852430
33, 0.034716553, 0.012156932, 0.029001725, 0.032927274
34, 0.021639976, 0.037079382, 0.040979604, -0.003163874
35, 0.020314704, 0.002973384, 0.019855102, 0.018395985
36, 0.034689767, 0.031804476, 0.040799141, 0.042634514
37, 0.007885598, 0.036538154, 0.012904576, 0.002878677
38, -0.006481141, 0.003510558, 0.041244952, 0.011847161
39, 0.001552136, -0.017910036, 0.036446764, -0.002080663
40, 0.006015240, 0.002690917, -0.007414912, -0.002109387
41, 0.023705397, 0.001219232, 0.031305700, 0.022676464
42, 0.000336852, 0.017504945, 0.013543360, 0.042254434
43, -0.001337468, 0.030981744, -0.011930860, 0.003851253
44, 0.034838828, 0.021250274, -0.000290084, 0.042135790
45, 0.026394371, -0.013697079, 0.000455692, 0.024875109
46, 0.021020669, 0.008442206, 0.023859951, 0.031575512
47, 0.014835763, -0.009403901, 0.043025570, 0.024522689
48, -0.003216660, 0.036868432, 0.005399290, 0.032357637
49, -0.002386334, 0.007253946, 0.035240440, 0.015989537
50, -0.006970064, 0.007765784, 0.006224037, 0.002380434
51, 0.013687624, 0.018816876, 0.021622720, -0.013954415
52, 0.005998698, 0.039015318, 0.022397190, 0.000813959
53, 0.009327790, 0.007022177, 0.008176351, 0.021182296
54, 0.014093395, 0.031996356, -0.001136434, 0.010809249
55, 0.008452537, 0.026013967, 0.013097361, -0.003757845
56, 0.002995362, -0.003814265, 0.023823251, -0.009810030
57, 0.042876024, 0.003974930, 0.014742845, 0.008625305
58, 0.010503373, 0.026587682, 0.007692803, 0.040625986
59, 0.042360806, -0.007918349, 0.002014368, 0.041725766
60, -0.007266030, 0.022230435, 0.016664519, 0.013023452
61, -0.006296214, 0.023642013, 0.001691298, -0.004902485
62, 0.001671775, 0.042203949, -0.004131825, 0.039127239
63, -0.004093506, 0.030799324, 0.028986463, 0.026005334
64, 0.042672422, -0.002433526, 0.002356029, 0.037225388
65, 0.031808284, 0.004793614, 0.007052162, 0.044153202
66, 0.043982105, 0.027580798, -0.006310999, 0.005286312
67, 0.034234653, 0.009744647, 0.009762158, 0.028227366
68, 0.022147357, 0.043699216, 0.011993878, 0.017694258
69, 0.048304914, 0.011162091, 0.040207121, 0.045597701
70, 0.016964030, 0.035615822, 0.013602454, -0.009309492
71, 0.012553364, -0.007406118, 0.013106683, 0.001024929
72, 0.039201767, 0.047375410, 0.023493716, 0.003922631
73, -0.004028522, -0.010080690, 0.008654145, 0.012833994
74, 0.008211230, 0.021501852, -0.016457837, 0.030258937
75, 0.001342555, 0.022280873, -0.005313766, 0.009786180
76, 0.041706242, 0.029224825, -0.011622803, 0.016859928
77, -0.014548075, -0.005048451, -0.002493998, 0.029813339
78, 0.006495141, 0.041598969, 0.009463000, -0.010565384
79, -0.008342272, 0.026129533, 0.038663907, 0.043012699
80, -0.002150552, -0.001006785, 0.038282435, -0.001541952
81, 0.004615702, 0.034196729, 0.002968177, -0.008621489
82, 0.032340508, 0.008362807, -0.013647809, 0.013050658
83, 0.029410794, 0.015788521, 0.026750283, 0.019002976
84, -0.000715518, 0.001764579, -0.011669934, 0.011945277
85, -0.002142610, 0.036856477, -0.001927201, 0.011397701
86, 0.019159809, 0.007173615, 0.004402716, -0.012373779
87, -0.000561788, 0.031523472, -0.009192474, 0.030358126
88, 0.019239600, 0.004425919, 0.002580039, 0.041397827
89, -0.005821338, 0.009012822, 0.017705613, 0.020896284
90, -0.007938784, 0.029543909, 0.014235597, 0.023122346
91, 0.007941737, 0.050155253, 0.006150432, -0.003531379
92, 0.020577991, 0.002222964, 0.019578359, 0.002781557
93, 0.012335843, 0.040020688, 0.020973265, 0.038214645
94, 0.010642741, 0.033848252, -0.012026842, 0.021533196
95, 0.036070277, 0.000081512, -0.007866368, 0.015348868
96, 0.011316661, 0.044692517, 0.023645113, 0.021077236
97, 0.028705056, 0.020084852, 0.006745021, -0.011856013
98, -0.001816234, 0.012604353, 0.033450073, 0.029508232
99, -0.001271055, 0.036344209, 0.032719393, 0.025265102
100, -0.009882521, 0.038183459, 0.000676226, -0.002078142
101, 0.030844501, 0.018683540, 0.021736073, 0.019680437
102, 0.030052329, 0.027869587, 0.018906536, 0.037073738
103, 0.004232818, 0.038982665, 0.026965210, 0.011820869
104, 0.017251838, 0.022574352, 0.027906142, 0.003257007
105, -0.010953322, -0.000275318, 0.043547672, 0.004000425
106, 0.027958742, -0.000784406, 0.000832954, 0.016554076
107, 0.021568146, 0.012660081, 0.038803047, 0.004282858
108, 0.025134005, 0.023290126, 0.009216014, 0.038462215
109, 0.002594505, -0.011704095, 0.010201736, 0.009804548
110, 0.016603947, -0.006759580, 0.033564863, -0.012966593
111, 0.034907803, -0.005063650, 0.004237306, 0.009156593
112, 0.039769214, 0.024903458, 0.000558005, 0.009879263
113, 0.036314930, -0.005384689, 0.014414247, 0.019096608
114, 0.007042452, 0.010345549, 0.042310698, 0.035289278
115, 0.003094422, 0.022489506, 0.023077914, 0.015572493
116, 0.004332067, 0.025702866, 0.036965601, 0.035458762
117, -0.006905525, -0.000376558, 0.027755808, 0.001224345
118, 0.019519489, 0.031699968, 0.044435576, 0.016358466
119, 0.033201308, 0.036055701, -0.004804599, 0.013744301
120, -0.007464426, -0.013986856, 0.007975453, 0.027172968
121, 0.003313986, 0.005310633, 0.035152965, 0.032074200
122, 0.009951940, 0.006642336, 0.025697268, 0.022265525
123, 0.024817077, 0.020853739, -0.005546536, -0.014747202
124, 0.001717019, 0.002022490, 0.029686988, -0.013402946
125, 0.036497000, -0.007021857, 0.028416046, -0.010342594
126, 0.006209927, 0.013749426, 0.016025183, 0.004481623
127, -0.011171886, 0.022263323, -0.002510445, 0.047262773
128, 0.041620515, -0.008892751, -0.008671679, 0.007759555
129, 0.004568088, -0.005296930, 0.000099009, -0.009482345
130, 0.009524905, 0.045873312, -0.000753061, 0.025093199
131, 0.028213856, 0.037715253, 0.009424571, 0.030632109
132, -0.010961197, -0.012789602, 0.010750551, 0.004129025
133, 0.034458533, 0.000099680, 0.022902969, 0.025337686
134, 0.033511757, 0.017570174, 0.006501383, -0.007423737
135, -0.006414600, 0.010704269, 0.033154805, 0.009396516
136, 0.017125263, 0.028235051, 0.038279595, 0.036695532
137, 0.024682780, -0.011041438, -0.012361998, 0.000058167
138, 0.012954174, -0.012459117, -0.012190865, 0.020331056
139, 0.041927058, 0.039233683, 0.023655407, 0.012945121
140, 0.006772802, 0.013998944, -0.001906815, 0.006579861
141, -0.004271641, 0.022006224, 0.029822605, 0.007408801
142, 0.025034113, 0.011566905, -0.010701261, -0.001638042
143, 0.039385192, 0.012744827, 0.019051211, 0.013659705
144, 0.003897149, 0.025889156, 0.035072673, 0.021294828
145, 0.033792121, 0.007229937, 0.023334147, 0.003982341
146, -0.002623055, -0.002889123, 0.034929434, 0.015913744
147, 0.003893512, 0.032080586, 0.015829920, 0.005227686
148, 0.044398711, 0.014182815, -0.002145661, 0.044119069
149, 0.003179730, 0.035830164, 0.012652018, -0.006055854
150, 0.021208959, -0.007025333, 0.011893961, 0.018467996
151, -0.008018336, 0.020965198, 0.044019470, 0.043070861
152, 0.013361752, 0.021518258, -0.000889721, -0.004133254
153, 0.012948229, 0.044703104, -0.005024240, 0.027827960
154, 0.007821659, 0.024891428, 0.030962888, 0.001208477
155, 0.039067681, 0.018933002, 0.010853486, 0.034241874
156, 0.032747904, 0.034025020, 0.035777712, 0.022806119
157, 0.039293971, -0.000598219, 0.011515098, 0.007103641
158, -0.002790305, 0.022894289, 0.019299443, -0.013867933
159, -0.002642099, 0.034453788, 0.017262107, 0.021860773
160, 0.022129920, 0.037500583, -0.001446047, 0.023344363
161, 0.027498512, 0.027093330, 0.031694563, -0.002927835
162, 0.036771625, 0.019922129, -0.006291615, 0.010938378
163, -0.003594974, 0.015196312, -0.003510097, 0.024553524
164, -0.004731439, 0.014762447, 0.009063371, -0.006407902
165, 0.001045754, 0.002491442, -0.011808115, -0.012648937
166, -0.000612989, 0.035966069, 0.043253112, 0.010540899
167, 0.004875372, 0.039294721, 0.034197206, 0.026179463
168, 0.039546734, 0.026995134, 0.006975323, -0.009913917
169, 0.006664533, 0.005498990, -0.002082760, -0.009181385
170, 0.013355044, -0.013303597, -0.005532571, 0.026632767
171, 0.001935331, -0.002334621, 0.018925644, 0.038422510
172, -0.006838580, 0.031759153, -0.003009216, 0.002211008
173, 0.046350872, 0.038255465, 0.037422886, 0.037872109
174, 0.042867489, 0.013786870, -0.001886872, 0.010994304
175, -0.004232097, -0.004648266, 0.030988288, 0.008374634
176, 0.027610851, 0.030966488, -0.003530899, 0.036120459
177, 0.018820989, -0.003281900, 0.003680390, 0.017633212
178, -0.011340188, 0.027548842, -0.008182298, 0.010021202
179, 0.014444683, -0.016815824, 0.009619966, -0.000651164
180, 0.027594156, -0.009890054, -0.005471225, 0.031033760
181, 0.013915722, -0.013779352, -0.005470392, -0.007856559
182, 0.033767695, -0.012259077, 0.005630114, 0.003717635
183, 0.010718123, -0.014974475, 0.037039128, 0.036377451
184, 0.036919689, -0.012169320, 0.025598875, 0.005643046
185, 0.043963964, 0.022315212, 0.016554963, 0.009161101
186, 0.036012399, 0.014483984, 0.015148295, 0.008666467
187, 0.021559500, -0.006708613, 0.011255915, 0.007408497
188, 0.017730519, 0.021750220, 0.016104966, 0.007064592
189, 0.008301190, 0.011786313, 0.007610846, 0.003544259
190, 0.002770364, 0.043768496, 0.007739898, -0.001536225
191, 0.031572886, 0.001391237, 0.034525354, -0.006185936
192, -0.000700914, -0.002112020, 0.026367405, -0.006961006
193, 0.024028632, 0.011926767, -0.002683041, 0.006740698
194, 0.023692471, 0.034994439, 0.037330506, 0.022366585
195, -0.008962534, -0.007882854, 0.001238204, 0.001382715
196, 0.012760058, -0.000396032, 0.036400422, 0.013322361
197, 0.038930242, 0.000963112, 0.003607842, 0.047211487
198, 0.022429553, 0.005611821, -0.011328746, 0.019384768
199, 0.006389211, 0.030084674, -0.003964767, 0.036532059
200, 0.020930521, 0.021321176, 0.023690366, 0.002537215
201, -0.006017482, 0.007563514, 0.008155603, 0.006435189
202, 0.042111481, 0.032103743, 0.024290847, 0.037060835
203, -0.008475171, 0.034207559, 0.022934618, 0.009279000
204, 0.009219419, 0.028600219, -0.004442932, 0.037565976
205, 0.013753384, 0.043122357, 0.003433985, 0.018758488
206, -0.007963086, 0.011855941, 0.014173152, 0.025671664
207, 0.029363662, 0.040366827, 0.036405535, -0.011040824
208, 0.030812078, 0.026912045, -0.004645091, -0.001104566
209, 0.002490728, 0.023606300, 0.020137468, -0.003121601
210, -0.003127119, 0.021454485, 0.025065301, 0.025076325
211, 0.033322668, -0.005749643, -0.007260692, 0.022187740
212, 0.037935667, 0.002678244, 0.030057662, -0.001311145
213, 0.019719555, 0.009020384, 0.013545415, 0.039047524
214, 0.022754985, 0.028342218, 0.024678430, 0.024450898
215, -0.008810400, 0.022002335, 0.013211090, 0.021297023
216, -0.007567236, -0.002301264, 0.038357923, 0.044871702
217, 0.024274493, 0.015936208, -0.009144144, 0.040023058
218, -0.003951581, 0.043134762, 0.024617165, 0.011847440
219, 0.043155809, 0.043284104, 0.035464910, -0.004393849
220, 0.010453441, 0.020893031, 0.042292997, 0.000149246
221, 0.018825264, -0.002893886, -0.003215729, -0.000346574
222, -0.008119663, 0.043446939, 0.019986309, 0.010585865
223, -0.015440250, 0.016523797, -0.001191930, 0.014719509
224, 0.029027635, 0.042116240, 0.047606198, -0.000099768
225, 0.033118746, 0.043093931, 0.020884875, 0.009569317
226, 0.013964694, 0.008258893, 0.027887436, 0.005769220
227, 0.018080471, 0.026298650, 0.007789653, 0.031957596
228, 0.005195550, 0.006454243, 0.005889528, -0.008858200
229, 0.041409985, 0.040791426, 0.032264042, 0.019009235
230, 0.005976517, 0.021185075, 0.048998436, 0.000539206
231, 0.031794602, 0.040594665, 0.022228669, 0.028307206
232, 0.012822981, -0.009187939, 0.010823645, 0.005497256
233, -0.017238689, 0.026730345, 0.014120720, -0.000519386
234, 0.028505483, 0.020209829, 0.031536999, 0.017938803
235, 0.041361230, 0.034060235, 0.002320558, 0.025183067
236, 0.032987860, 0.009686042, -0.013008847, 0.019072800
237, -0.003482048, 0.010455644, 0.016746420, 0.019081631
238, 0.025909957, 0.041902534, -0.005890791, 0.007855055
239, 0.030942517, 0.030478546, 0.041975097, 0.035179875
240, -0.003335810, 0.025338569, 0.018972688, 0.001289989
241, 0.047126433, 0.035099613, 0.006329445, 0.016965564
242, 0.009666743, -0.006197620, 0.000114934, -0.008486594
243, 0.044714209, 0.039279161, 0.022464683, -0.004483554
244, 0.014967793, 0.022929016, 0.035111221, 0.041685407
245, -0.002084121, -0.012822234, -0.003542775, 0.024004933
246, -0.002587884, -0.004438871, 0.036228149, -0.008540077
247, 0.002293413, 0.016616116, -0.003992854, 0.003287623
248, 0.013119240, 0.018294473, 0.000404009, 0.012672040
249, 0.022233845, -0.013296625, -0.011503436, 0.009264680
250, 0.031839614, 0.003446877, 0.035831020, 0.037343106
251, 0.010326881, 0.038096421, -0.008264722, 0.030830390
252, 0.007083511, 0.000712035, 0.021078095, 0.043029875
253, 0.003161756, 0.016296438, -0.009757668, 0.017247553
254, 0.012381148, 0.034267804, 0.008284927, 0.019645780
255, 0.035188321, 0.026588020, 0.028365007, 0.003292558
256, 0.045806329, 0.042880400, 0.019116896, 0.032644531
257, 0.025055332, 0.019639461, 0.024733466, 0.037645883
258, 0.023666088, 0.028538600, 0.034182835, 0.042029245
259, -0.000255673, 0.039182703, -0.009439141, 0.030416192
260, -0.007671526, 0.035445533, -0.014230139, 0.004713513
261, 0.042458961, 0.026938234, 0.046968620, 0.009236996
262, 0.031573924, -0.009148051, 0.027086302, -0.007625189
263, 0.036012119, 0.034917939, 0.007605195, -0.001213247
264, 0.003839145, 0.004775687, -0.003718434, 0.008788200
265, -0.006539743, 0.013899331, 0.013389090, 0.003416354
266, -0.006984324, 0.028887041, 0.010177193, 0.024868268
267, 0.019296475, 0.031174615, 0.039287402, 0.019516525
268, -0.006562395, 0.029358637, -0.018143827, -0.010310400
269, 0.004448667, 0.018858332, 0.015507162, 0.001067535
270, -0.001891763, 0.018536299, 0.002743559, -0.003612627
271, 0.019825557, 0.001062913, 0.020140488, 0.029027000
272, 0.029213938, 0.022077492, 0.043870597, 0.022335737
273, 0.014859291, 0.044418590, 0.038871351, 0.003035696
274, -0.003257666, 0.032120540, 0.032040818, 0.033163791
275, 0.011677990, 0.001112196, -0.004303558, 0.016287936
276, 0.001129632, 0.024347998, 0.036006759, 0.010174957
277, 0.026429092, -0.001346471, 0.037115431, 0.016625190
278, -0.009997755, 0.002077410, 0.043622034, 0.044584670
279, -0.004704431, 0.008069220, 0.010806206, 0.033149643
280, 0.000051242, 0.001577373, 0.034925681, 0.006186923
281, 0.023524645, -0.002042268, 0.037511049, 0.029405560
282, -0.008738288, 0.036127422, 0.044346949, 0.008187227
283, -0.009090108, 0.038582225, 0.032974671, 0.011538039
284, 0.013842001, 0.016204032, 0.016820473, 0.020235129
285, 0.008624366, 0.017980768, 0.028646093, 0.000028673
286, -0.010517510, 0.024699102, 0.026693233, -0.003523510
287, -0.007017772, -0.011795629, -0.001714890, 0.000514376
288, -0.010377133, 0.041226655, 0.021831093, 0.044885761
289, 0.043536949, 0.024817235, 0.043557817, 0.021991245
290, 0.021346568, -0.003864021, 0.005747863, -0.001412096
291, 0.026212796, 0.004028343, 0.003036603, 0.027083053
292, 0.026432987, 0.035329302, 0.039295296, -0.003092457
293, 0.007931988, 0.011220305, 0.003759953, 0.010273951
294, 0.005720156, 0.023875970, 0.013587880, 0.030744089
295, 0.006448981, 0.002868626, 0.037155011, 0.033687617
296, 0.023157241, 0.006490027, 0.014998242, 0.016717646
297, 0.023725709, 0.015836676, 0.037925306, 0.024681701
298, 0.008838810, 0.027018311, 0.032241091, 0.001344994
299, -0.002662647, 0.008490878, -0.008010104, 0.005379187
300, 0.025371263, 0.005656320, 0.028437967, -0.008963437
301, -0.007797110, -0.004948215, 0.018679065, 0.025394136
302, 0.045574675, 0.007760235, 0.031638604, 0.015921783
303, 0.034407339, 0.024421260, 0.000619712, 0.033176055
304, 0.035481802, 0.025190881, 0.009117999, 0.016927375
305, -0.008000170, 0.014526997, 0.028854649, 0.018813557
306, 0.013247771, -0.013514582, 0.016595256, 0.007774924
307, 0.040817470, 0.027221490, -0.001106819, 0.006583778
308, -0.003690047, -0.001861728, 0.002209951, -0.004263808
309, 0.040006209, 0.010195301, 0.010215297, 0.020845823
310, 0.001739591, 0.026805129, 0.038909387, -0.001743040
311, 0.006921257, 0.041947762, -0.001813678, 0.039122068
312, 0.040259821, 0.001438357, 0.019564383, 0.033111268
313, -0.007322766, 0.037211936, -0.004663046, -0.005723972
314, 0.001533246, 0.012982749, 0.023014381, 0.035075484
315, -0.009563564, 0.010549208, 0.011398039, -0.003514948
316, 0.007540095, 0.023740153, 0.036195857, 0.040755106
317, -0.005723205, 0.013031339, 0.029160976, 0.027117842
318, 0.035966940, 0.012033097, -0.005666655, 0.005607748
319, 0.037038844, 0.033707294, 0.023729553, 0.024413575
320, -0.001029287, -0.007274281, -0.006456178, 0.010321011
321, 0.025413691, 0.014039247, -0.011743041, 0.027962842
322, 0.018972407, -0.001704170, 0.010012391, 0.015092212
323, 0.034082948, 0.000166931, 0.030062409, 0.017307618
324, 0.018643015, 0.031261777, -0.004780968, -0.006584250
325, -0.010460888, 0.019365782, -0.003587941, 0.015047422
326, -0.007164962, -0.004861760, 0.041874423, 0.025405445
327, 0.018613797, 0.031003242, 0.037955288, -0.001614627
328, 0.021973860, 0.041984982, 0.034781605, 0.040840875
329, 0.020726008, 0.018863781, 0.023544302, 0.023112704
330, 0.013430506, 0.031544742, 0.046247661, -0.004654116
331, -0.010434765, 0.036590689, 0.041334055, 0.008883259
332, 0.033049752, 0.016807022, 0.001979751, -0.001146660
333, 0.032354101, -0.004975522, -0.008935615, 0.013762860
334, 0.015447326, 0.020847476, 0.036914728, -0.000812983
335, -0.005767548, 0.005208901, 0.009468101, -0.002856584
336, 0.035368835, 0.014315736, 0.027148000, -0.006881421
337, 0.033442943, 0.002910504, -0.005154811, 0.015959918
338, 0.027762246, 0.036964714, 0.021647247, 0.036965267
339, -0.004019306, -0.010221403, -0.012416393, 0.007802650
340, -0.004710918, 0.046138979, 0.001509057, 0.039101680
341, 0.035141763, 0.020292978, -0.005488385, 0.032092296
342, -0.001051317, 0.046012166, 0.015487543, 0.016568137
343, 0.034553403, 0.000334278, 0.012570949, -0.001178286
344, 0.022390992, 0.036290743, 0.008245626, -0.013509095
345, 0.042147490, 0.013013819, -0.004744734, -0.004134603
346, -0.000322835, 0.034267761, 0.037301796, 0.006700196
347, -0.001146376, -0.004505567, 0.019690051, 0.012283984
348, 0.029330601, 0.021854636, -0.015979413, 0.009183650
349, 0.020994606, 0.030375610, 0.010024929, 0.022454930
350, 0.016717123, 0.024774056, 0.024710821, 0.016693245
351, 0.036670130, 0.019816834, 0.008014554, 0.009021366
352, 0.024760173, 0.045252818, 0.041400817, 0.040156514
353, 0.003011497, 0.013413984, 0.035142562, 0.034596053
354, 0.016063523, 0.002514987, -0.012130068, 0.015626277
355, 0.005892016, 0.024672652, 0.024381731, 0.003004628
356, -0.001943018, 0.029285350, 0.020982015, 0.037625978
357, 0.011433404, -0.012875029, 0.019729121, 0.024492575
358, -0.003760471, 0.038463521, 0.039785238, 0.013688231
359, 0.041777322, 0.039803730, 0.001337691, 0.014538220
360, -0.011237164, 0.010454599, 0.008519390, 0.013137739
361, 0.003825937, -0.003674619, 0.027476760, 0.026212480
362, 0.019268396, -0.002355869, 0.028901121, 0.009636577
363, 0.012443270, 0.020028747, -0.002701434, 0.007133760
364, 0.016326628, 0.010474978, 0.031209005, 0.026874492
365, 0.001456160, -0.001506092, 0.036451216, 0.010692037
366, 0.017511959, 0.038805824, 0.033091968, 0.033058737
367, 0.016459077, 0.022259555, 0.038784154, 0.031363286
368, 0.047101658, 0.031538569, 0.041645383, 0.024018462
369, 0.016479801, 0.011002859, -0.000626187, 0.042902204
370, 0.026093505, 0.013541599, 0.007378909, 0.006902274
371, 0.011756745, 0.042313762, 0.017811938, -0.001073458
372, 0.009718411, 0.040795079, 0.022569829, 0.012282975
373, 0.034275148, 0.016610457, 0.017731989, 0.038276546
374, 0.044787025, 0.016032028, 0.031448149, 0.021642345
375, -0.013162061, -0.006168167, 0.036730649, 0.022302838
376, 0.020077653, -0.001151824, 0.028758347, 0.028564760
377, 0.003813680, 0.006324623, -0.002304960, 0.026655012
378, 0.001481636, -0.010502247, 0.002217374, -0.002623617
379, -0.004439113, -0.002109834, -0.002458441, 0.030576443
380, 0.029480364, 0.005059329, 0.037958007, 0.024210914
381, -0.000453552, -0.004780740, -0.002067846, -0.000373353
382, 0.003655484, 0.000889385, 0.013743735, 0.004719274
383, 0.018613339, 0.011683697, 0.024917143, 0.025541749
384, 0.009744768, 0.007830750, 0.021731571, -0.012015513
385, -0.008388701, -0.002084901, 0.016412682, 0.012046887
386, -0.000020735, 0.021783700, 0.039268527, -0.001926251
387, 0.017104591, -0.012086795, 0.008125065, 0.033114434
388, -0.004928839, 0.038978068, 0.040715620, 0.022250343
389, 0.022307043, -0.006015205, 0.011922485, 0.036580921
390, 0.028851257, -0.002864370, -0.006404739, 0.015192718
391, 0.000008668, 0.007225484, 0.004127539, 0.035942931
392, 0.015201562, -0.006479305, 0.027476638, 0.034207552
393, 0.029795357, 0.030527949, -0.005446538, -0.004555526
394, -0.011596385, 0.034864513, -0.007026026, -0.005010141
395, 0.041030247, 0.002463595, -0.001693008, 0.040207682
396, -0.010329659, 0.018218396, -0.014267983, 0.023554855
397, 0.000867285, 0.011791837, 0.006510027, -0.000039673
398, 0.028085473, 0.020249066, 0.025408287, 0.013515815
399, 0.040583903, 0.014398296, 0.013266056, 0.044527104
400, 0.042540785, 0.019552024, 0.023368881, 0.013230739
401, 0.037390961, 0.004005341, 0.023893718, 0.014344926
402, 0.010536377, 0.028791714, 0.002862260, -0.000331971
403, 0.016345298, 0.034420113, 0.009484433, 0.013217770
404, 0.029151606, 0.004899507, 0.017556667, 0.037635510
405, 0.001905902, 0.010801757, -0.012514110, 0.009977149
406, -0.004438954, -0.002401096, -0.000612401, 0.001896010
407, 0.029953298, 0.036849155, 0.041280247, 0.016309965
408, 0.032293753, 0.032960219, 0.046280595, -0.005738575
409, 0.005759678, 0.008454870, 0.019772017, 0.040990408
410, 0.029106811, -0.002554611, 0.028404648, 0.030884409
411, -0.006067541, 0.023253405, 0.005110082, 0.032537306
412, 0.042464205, -0.002785704, -0.006833328, 0.040381543
413, 0.015552903, 0.046638971, 0.033115156, 0.030563134
414, 0.016507893, 0.006365735, 0.033343013, -0.002903812
415, 0.030431847, -0.005126422, 0.041579733, 0.000538904
416, 0.014849020, 0.033041034, 0.010925864, 0.019227459
417, 0.007863504, 0.034799713, 0.018414625, 0.034283550
418, 0.006920769, 0.041518860, 0.030564866, -0.004433522
419, 0.032682845, 0.039515452, 0.034186794, 0.032512889
420, 0.020663630, -0.012388527, 0.031239536, -0.012385770
421, 0.027711722, 0.001761937, 0.001806845, 0.041685871
422, 0.013300464, 0.019454532, -0.011363814, 0.032495015
423, 0.000231631, 0.029072149, 0.008877954, 0.044327885
424, 0.014117558, 0.039133362, 0.005433409, 0.002248763
425, 0.021747715, -0.002396319, 0.016180901, 0.025980334
426, -0.004678532, 0.031980270, 0.031905024, 0.030710968
427, 0.014164147, 0.009921408, -0.006688237, 0.029275367
428, 0.037209127, 0.033223313, -0.009295370, -0.001216209
429, 0.022245081, 0.025797919, 0.002322401, 0.004856731
430, -0.012843338, 0.016224820, 0.029699856, 0.005335443
431, 0.027454065, 0.022370870, -0.003299410, 0.021827128
432, -0.008735594, 0.013418748, -0.004654366, 0.039417197
433, 0.016603275, 0.029514630, 0.001792792, -0.007605313
434, 0.040298804, 0.030457080, 0.031233906, 0.034356174
435, 0.025781162, -0.003395550, 0.027568268, 0.001056996
436, -0.010572902, 0.020578433, 0.032099046, -0.007097200
437, 0.000604890, -0.002368043, -0.015096615, 0.017114226
438, 0.000673278, 0.017460309, 0.022252401, 0.016374170
439, 0.041032704, 0.023989387, 0.033518249, 0.031907831
440, -0.003419110, -0.003355658, 0.009143631, 0.038355509
441, 0.003544181, 0.028555911, -0.008455012, 0.027550879
442, 0.017757543, 0.008272645, 0.029006480, 0.008441372
443, 0.004599912, 0.026520350, 0.008713089, 0.005719736
444, 0.037776499, 0.008077233, -0.001084865, 0.001771331
445, -0.002151475, 0.010330769, 0.005694567, 0.047944734
446, 0.036177637, 0.044161761, 0.038551865, 0.004188237
447, 0.032240352, 0.036628950, 0.011452919, -0.009510482
448, 0.033344219, 0.017183190, -0.000461629, 0.003161947
449, 0.006024931, 0.028012096, 0.010733142, 0.042925628
450, 0.007289603, 0.013253312, 0.011337838, 0.035230475
451, 0.019666762, 0.019348572, 0.000640345, 0.018450608
452, 0.032249463, 0.023871326, 0.000525051, -0.003514313
453, 0.001226934, 0.015644332, 0.033431105, -0.014043739
454, 0.004198931, -0.002746784, 0.041210599, 0.014516500
455, 0.023568500, 0.001973336, 0.014555702, 0.031651327
456, 0.029219484, 0.018470264, -0.013726083, -0.000834125
457, 0.023838259, -0.011840588, 0.035948029, 0.003675036
458, -0.001889526, -0.004991825, -0.009538260, -0.003238712
459, 0.033671985, 0.008912083, 0.000785864, 0.045219668
460, 0.032587355, -0.009784121, 0.003659666, 0.005493799
461, 0.012684173, 0.022248236, 0.011000223, 0.010543402
462, 0.003551126, 0.033799596, 0.022382357, 0.020742478
463, 0.022817407, 0.036062773, 0.032147564, 0.017594038
464, -0.007156763, 0.041578564, 0.007830860, 0.013061716
465, 0.005624388, 0.010454179, 0.014479142, 0.032178841
466, -0.005320546, -0.011850976, -0.000176626, -0.006229006
467, 0.030189341, 0.000156088, 0.034429441, 0.035088983
468, 0.011399793, 0.032679822, 0.036748478, 0.018150114
469, 0.024389456, 0.038362664, -0.011131050, -0.013582517
470, 0.023766479, 0.038977251, 0.039263797, 0.013043911
471, -0.007849935, 0.015139111, 0.038518880, 0.016452906
472, 0.041344146, 0.022215512, -0.001755430, 0.037280180
473, 0.023445417, 0.021072216, -0.002221415, 0.009025220
474, -0.003699746, 0.017094318, 0.007567142, 0.005167267
475, 0.042559217, 0.038941490, -0.002141519, 0.011749613
476, 0.034197492, 0.025318901, 0.030790775, 0.031748525
477, 0.012902627, 0.033021194, 0.025606897, 0.005255992
478, 0.039067219, 0.023885937, 0.011237074, -0.005988366
479, 0.012877359, -0.009512877, 0.014288862, 0.000915148
480, 0.003707752, 0.019010157, 0.031797325, 0.003372254
481, 0.001423012, -0.004302695, 0.023801324, 0.035267872
482, 0.003564288, 0.024401490, 0.000554887, 0.021182008
483, -0.004672317, -0.008349934, 0.024255819, 0.018479979
484, 0.001515347, 0.021755155, -0.002553098, 0.035829569
485, 0.033779846, 0.005630745, 0.033099580, 0.029095475
486, 0.009072214, 0.041111517, -0.006704583, -0.002316722
487, 0.022222090, 0.022773501, 0.020812290, 0.026800538
488, 0.027184653, -0.001029598, 0.000911418, 0.040854892
489, 0.006446961, 0.018377296, 0.023882786, -0.003870260
490, -0.011764851, 0.029049422, 0.035439856, 0.011368588
491, 0.006801113, 0.002864056, 0.004159810, 0.030350239
492, 0.024851436, 0.009627261, 0.001875339, 0.008411599
493, 0.022614463, -0.013121444, 0.030285250, -0.005597283
494, 0.022332638, -0.003496531, 0.033151063, 0.042444996
495, 0.035321947, 0.015155737, -0.011679170, 0.032638296
496, 0.009980063, 0.033418513, 0.012875134, -0.007773289
497, 0.028968745, 0.005950743, 0.034766151, 0.033746863
498, -0.008300286, 0.019628785, 0.027785751, -0.000788417
499, 0.003070048, 0.023896385, 0.008364751, -0.001276380
500, 0.042414960, 0.036628487, -0.010986318, 0.009050930
501, 0.037181917, 0.032647905, 0.022904810, -0.012672933
502, 0.025343856, 0.000155624, 0.005275437, -0.013060449
503, -0.004200647, 0.013690271, 0.015410462, 0.000776936
504, 0.004273483, 0.006177254, 0.039790654, 0.005557920
505, 0.015265407, 0.036296586, 0.010224336, 0.005342629
506, -0.002065423, 0.007446448, 0.034726666, -0.007687655
507, 0.020316298, 0.036578765, 0.005584263, 0.026531026
508, 0.022683517, -0.001415682, 0.037300936, 0.021034451
509, 0.024289416, 0.031709334, 0.014725742, -0.003926007
510, 0.043315748, 0.019437962, 0.009303022, 0.016786021
511, 0.036384228, -0.006560224, 0.035143403, -0.001858881
512, 0.033193468, 0.036686131, 0.013427396, 0.043824508
513, 0.012602084, 0.006616564, 0.035888960, 0.041044274
514, 0.035151633, 0.010279565, 0.024609174, -0.002146317
515, 0.011001370, 0.034367255, -0.011152256, 0.035870527
516, 0.021609359, -0.007600929, 0.033127399, 0.016126552
517, -0.010593709, 0.024424370, 0.021529011, -0.003596616
518, 0.038356654, 0.003283072, 0.045058265, 0.009336214
519, 0.016995185, 0.021642257, -0.005790843, 0.004885385
520, 0.040135038, 0.005582651, 0.023199844, 0.030819938
521, -0.010170170, -0.009298323, -0.006498940, 0.017748269
522, -0.010856079, -0.006942820, 0.015650985, -0.008126024
523, 0.016956638, 0.035145698, -0.000047212, 0.004570400
524, 0.035542766, 0.033270332, 0.016477085, 0.025263526
525, 0.041805255, 0.025865422, 0.032264278, 0.004362164
526, -0.003306479, 0.028359158, 0.021509341, 0.022889196
527, 0.044712099, 0.031460632, 0.019239210, -0.008775550
528, 0.025740893, -0.001032799, 0.032232448, 0.012937883
529, 0.035374625, 0.040570390, 0.026283190, -0.007810219
530, -0.002718308, 0.024580059, 0.040795368, 0.050350455
531, 0.015562753, -0.010664303, -0.003578909, 0.017433185
532, 0.011972649, 0.029483786, 0.039307512, 0.037124711
533, -0.018873978, 0.027224208, 0.035452509, 0.000905634
534, 0.019990685, 0.028434468, 0.014479432, -0.003839372
535, -0.004702480, -0.000239881, 0.003558212, 0.017103402
536, 0.024611073, 0.030517673, 0.029402558, 0.024604113
537, 0.039844886, 0.012994721, -0.000276849, 0.029541450
538, 0.029368801, 0.021450558, -0.008296297, -0.003977454
539, 0.041552749, 0.042595664, 0.030215958, -0.010441029
540, 0.025530704, 0.043704671, 0.022752823, 0.018076857
541, -0.003618266, 0.008044545, 0.028426639, 0.016557768
542, 0.029311166, -0.002068799, 0.004856350, -0.003833913
543, 0.006756842, 0.013210311, 0.041439827, 0.022300784
544, 0.036311149, 0.011287272, 0.042001459, 0.028070713
545, 0.048520493, -0.001180385, 0.010632178, 0.039898098
546, -0.011539228, 0.026121482, 0.013238901, 0.005751559
547, 0.029902642, 0.010667928, 0.003728563, 0.028951177
548, 0.009659806, -0.011790115, 0.015248386, -0.003600515
549, 0.016053463, -0.004109166, 0.032159510, 0.037118904
550, 0.036048297, 0.017585467, 0.036238222, 0.040626575
551, -0.001037188, 0.029924461, 0.026578119, 0.013985236
552, 0.000205101, 0.013014973, 0.013736394, 0.019001902
553, 0.021565574, 0.015610818, 0.013027180, 0.011033336
554, 0.015309297, 0.041025671, 0.006135419, -0.009140275
555, 0.020939959, 0.024308477, 0.041024039, 0.025005049
556, 0.035613866, 0.000237444, 0.031691230, 0.000461989
557, 0.008278243, 0.007947038, 0.012369758, 0.010529761
558, 0.031687905, 0.007152961, 0.001943513, 0.020370851
559, -0.003204625, 0.027503631, -0.008002056, -0.013813319
560, 0.021638041, 0.018238189, 0.015569242, 0.010580916
561, 0.028439265, 0.033075661, 0.000465376, 0.011725335
562, 0.022311768, 0.012797496, -0.002982497, 0.039840313
563, -0.006610579, 0.036880822, -0.008063609, 0.021768330
564, 0.035738371, 0.008514185, -0.003427502, 0.003156361
565, 0.019411313, 0.036342898, 0.015177479, 0.029245987
566, 0.017004816, -0.002412528, 0.026876327, 0.035310982
567, 0.034372547, 0.013610200, 0.009724816, 0.044879547
568, 0.035375172, 0.020505809, 0.030915276, 0.041502250
569, 0.037134845, -0.000956927, -0.002997613, 0.040460651
570, 0.043594779, -0.001652763, 0.010322074, 0.020912329
571, 0.018344188, 0.018392222, -0.017979806, -0.006324063
572, 0.017559335, 0.048570029, -0.007333389, -0.011764312
573, 0.012008426, 0.019462756, 0.005967398, 0.002616804
574, 0.044394831, 0.023715322, 0.003526961, 0.021043357
575, 0.004706788, 0.030665668, 0.028253622, -0.000967840
576, 0.037827560, -0.008635527, -0.003975686, 0.001574934
577, 0.000762357, 0.037530385, 0.027093381, 0.024187886
578, 0.028414439, 0.036295461, 0.005892482, -0.005241273
579, 0.005287531, 0.032474785, 0.003465252, 0.031441766
580, 0.015825967, 0.030740618, 0.006055835, 0.022049335
581, 0.016827386, 0.036916296, 0.028048346, 0.018652450
582, 0.042256943, 0.008575789, 0.036523714, 0.048483000
583, -0.010844302, -0.000243309, 0.023988393, 0.022196921
584, 0.013477523, -0.003167008, 0.017297745, -0.008835126
585, 0.013939828, -0.007489444, 0.000811997, 0.039800329
586, 0.000584465, 0.014987076, 0.001423808, 0.018515378
587, 0.019295589, 0.007490261, 0.023386283, 0.034572147
588, 0.020614903, 0.022692386, 0.022309607, 0.036513490
589, -0.009209285, 0.009543204, -0.005468604, -0.010219203
590, 0.023851682, 0.003712358, 0.013617463, 0.013758520
591, 0.003984739, 0.030488306, 0.002727233, 0.021514568
592, -0.001068381, 0.043256994, 0.038177273, -0.002802471
593, -0.012224068, -0.004396625, 0.006761302, 0.030526303
594, -0.010216179, 0.020488843, 0.012599546, 0.003055917
595, 0.038654028, 0.017376077, 0.028470330, 0.038939390
596, 0.021035899, -0.007049861, 0.023257199, 0.015195040
597, 0.038009176, -0.007535162, -0.001309094, -0.007340115
598, -0.002829655, 0.038967047, -0.002775292, -0.003995456
599, 0.040525313, 0.004005938, 0.033909305, 0.030947269
600, 0.004338656, 0.036087041, 0.010583831, 0.006916456
601, 0.026047750, 0.002704766, 0.039523128, 0.048958917
602, -0.012113559, 0.029012174, 0.005746735, 0.010212288
603, 0.023714248, 0.027771376, 0.025901620, -0.015021806
604, 0.002427819, 0.009849971, -0.013003834, 0.008666137
605, 0.004371579, 0.009023027, 0.032159240, -0.014188479
606, 0.020032030, -0.010916228, 0.025521931, 0.036268917
607, 0.018120607, 0.004524597, 0.019160435, -0.008882494
608, -0.004278054, 0.009711734, -0.010058600, 0.027694258
609, -0.001364514, 0.039094760, 0.011429001, 0.022049310
610, 0.035984713, 0.026108562, -0.003542818, -0.000556004
611, 0.036887482, -0.000134772, 0.008404794, 0.011964997
612, 0.016433266, 0.031739678, 0.000309660, 0.041368596
613, 0.019415639, 0.011987685, 0.016618792, 0.004674522
614, 0.034474776, 0.031962488, -0.003397328, -0.008303812
615, 0.017199247, 0.006211425, -0.003329619, 0.018920846
616, 0.007489140, 0.039784310, 0.002599816, 0.002822882
617, 0.022417221, 0.022290449, 0.030897393, 0.036164239
618, 0.033708951, 0.029643239, 0.027615147, 0.034904730
619, 0.000534995, 0.015771280, 0.010374549, 0.017899691
620, -0.008209143, 0.026451134, 0.021613890, -0.006142731
621, 0.012744283, 0.027043820, 0.007968056, 0.018903978
622, 0.041156186, 0.048412815, 0.039627979, 0.001418633
623, 0.031420671, 0.014734845, 0.025316023, -0.015208583
624, 0.014645408, 0.028449869, -0.009231443, 0.030263640
625, -0.013381507, 0.020254472, 0.009620013, 0.026636309
626, 0.015779212, 0.039424503, 0.016022526, -0.008987768
627, 0.030490013, -0.001179248, 0.040128679, 0.024380866
628, -0.011671628, 0.028319595, 0.042264741, -0.004113506
629, -0.001991728, 0.023984087, 0.018703082, 0.019346549
630, 0.031108314, 0.003315643, 0.025907499, 0.014561356
631, -0.003582643, 0.021745123, 0.021644991, 0.015297601
632, -0.006151816, 0.040539391, -0.005582396, -0.001612763
633, 0.031388939, 0.006804556, 0.006088631, 0.005835876
634, 0.032714808, 0.033232621, -0.007009936, 0.009616046
635, 0.026738405, 0.039849822, 0.021475817, 0.004185054
636, -0.008744266, -0.012062826, 0.027401445, -0.007504880
637, 0.023941500, 0.043654911, 0.047567769, 0.018467412
638, -0.005623371, 0.021095710, 0.008411487, -0.002535272
639, 0.023267456, -0.009762090, 0.038655041, 0.022873525
640, -0.008729454, 0.022069625, 0.038775625, -0.008441876
641, -0.005863988, -0.011553864, 0.028913744, 0.027115832
642, 0.018852889, -0.000836194, 0.000317045, -0.003470416
643, 0.001244214, 0.023701599, 0.017375379, 0.002956207
644, 0.030692224, -0.007127940, 0.035247377, 0.036283127
645, 0.000399991, 0.035932975, 0.028186782, -0.007767595
646, 0.027579694, 0.024383250, 0.037737347, -0.001496613
647, 0.031552174, -0.011761298, 0.012620390, 0.005491934
648, 0.043384834, 0.030468095, 0.018971417, 0.000563536
649, 0.038890962, 0.038174590, 0.047801105, 0.025634455
650, 0.034226292, 0.018425872, -0.011634552, 0.036325295
651, 0.024708758, 0.030189528, 0.022699922, -0.004970505
652, 0.025511558, -0.003488939, 0.036817411, 0.016020217
653, 0.012741563, -0.007526213, 0.017576590, 0.016980191
654, 0.014275987, -0.002441125, 0.008103545, 0.013847364
655, -0.008658592, 0.048527105, 0.021240089, -0.000895399
656, 0.027251299, 0.016132224, -0.000497170, 0.003932771
657, -0.013432135, 0.004923010, 0.003098489, -0.007704196
658, 0.013952407, -0.001809917, 0.024799187, 0.039834887
659, -0.007554114, 0.016933479, 0.004649415, -0.004939088
660, -0.005739139, 0.021128670, 0.012079866, 0.003036635
661, 0.035371524, 0.016496779, 0.039231211, 0.001113915
662, 0.028227917, 0.016219247, -0.002954969, 0.037245168
663, -0.006874529, 0.008400166, 0.028340230, -0.003929246
664, 0.034362635, 0.030068766, 0.007431782, 0.000325120
665, 0.021438337, 0.000682908, 0.028173996, 0.011403782
666, 0.017985791, 0.018996440, -0.008735545, -0.007145669
667, 0.006412076, 0.022802685, 0.024084471, 0.025748976
668, 0.020321463, 0.007226001, 0.014444508, 0.016129580
669, 0.003909746, 0.019813359, 0.032652907, 0.007011507
670, 0.034714120, 0.001486397, 0.008842232, 0.000145525
671, -0.013099087, 0.017897437, -0.010035367, 0.029707825
672, -0.009141478, 0.025877927, -0.015845570, -0.009724571
673, -0.010062388, -0.007482950, 0.028785803, 0.033607354
674, 0.021717629, 0.028145459, 0.037944516, 0.006756312
675, 0.033885448, 0.020192862, -0.001234097, 0.018135892
676, 0.028012883, 0.036285507, 0.018497912, 0.030192187
677, 0.033256291, 0.022630255, 0.026020232, 0.009230451
678, 0.012340677, -0.008023801, 0.033775713, -0.002174682
679, 0.034438567, -0.005549440, 0.043028900, 0.004583000
680, 0.025695475, 0.028563503, 0.026370318, 0.034989059
681, 0.043800374, -0.001120964, 0.027789588, 0.011807179
682, -0.001450535, -0.001668764, 0.030811726, 0.008602858
683, -0.004867340, 0.026890846, 0.021465378, 0.013382595
684, 0.000453293, 0.004981017, 0.037385644, 0.027931580
685, 0.044972251, 0.045172869, 0.026738833, 0.004531742
686, 0.000625169, 0.016677132, -0.002294055, 0.029866359
687, 0.011140193, 0.007815164, 0.008995887, 0.037178717
688, 0.013334793, 0.011987341, 0.009914110, -0.009431190
689, 0.030967840, -0.008550423, 0.025279024, -0.011102190
690, -0.002119586, 0.024904841, 0.032326771, -0.003508456
691, 0.012269253, 0.014136854, -0.010346326, 0.016078705
692, -0.001504123, 0.005960025, 0.025815916, -0.003909835
693, 0.001846708, 0.000138878, 0.017019325, 0.004097688
694, 0.038435563, 0.023199798, 0.035659483, 0.033991976
695, -0.000987420, 0.017931490, 0.029026328, 0.003641289
696, -0.011348009, 0.030595725, 0.027092954, -0.008198767
697, 0.007180611, 0.017397952, 0.013407372, 0.007007916
698, 0.001294582, 0.019872672, 0.044348236, -0.001910660
699, 0.013675443, -0.010442246, 0.010231053, 0.027062597
700, 0.036801476, -0.013669558, 0.002376738, 0.005625098
701, 0.034564913, 0.042697737, -0.006263759, 0.031498915
702, 0.018448782, 0.035025999, 0.026221245, 0.026674543
703, 0.012204216, 0.043268055, 0.025890290, 0.010823288
704, 0.039651479, 0.037202950, 0.004355395, 0.020719300
705, 0.036544220, 0.012199480, -0.000991523, 0.003154484
706, 0.033706956, 0.045816386, -0.002832859, 0.017304876
707, 0.034054004, 0.011082883, 0.014245553, -0.008524955
708, 0.039460631, 0.002776609, 0.009164463, 0.013964171
709, 0.025466494, 0.040219352, 0.012617691, 0.028289792
710, -0.010537235, 0.027196524, 0.026823764, 0.034248191
711, 0.009826893, 0.020708724, 0.020746716, 0.018424605
712, -0.006708352, 0.032666155, 0.040656543, 0.011761517
713, -0.009590536, 0.031617308, 0.013800631, 0.033482231
714, 0.035636665, 0.025865480, 0.015649774, -0.011043946
715, -0.002451954, 0.024453213, 0.031324955, 0.002208329
716, -0.004386775, 0.045209441, -0.001903498, -0.003133893
717, 0.008926280, -0.005022882, 0.010406846, -0.000622365
718, 0.011894665, 0.037054354, 0.037724956, 0.032898399
719, 0.000931543, 0.002694187, -0.000406889, 0.004782732
720, 0.000673710, 0.031275348, -0.013815821, 0.031521668
721, 0.011159056, -0.012056858, 0.013117061, 0.009480546
722, 0.019939519, 0.029219028, 0.011976802, 0.015424933
723, 0.013468775, 0.006354511, -0.009096512, 0.014902568
724, 0.034958950, 0.031331311, 0.024041522, 0.023530499
725, -0.004751748, 0.007155423, 0.012820932, 0.016273983
726, -0.005310033, -0.006178417, -0.008430478, 0.004359858
727, 0.035858133, -0.010209734, 0.024071076, 0.039426893
728, 0.023033734, 0.018235653, -0.006536734, 0.000075366
729, -0.011808888, 0.027700519, 0.001785486, -0.007108903
730, -0.001914425, 0.025102115, 0.024619852, 0.045866071
731, 0.018397558, -0.005728817, 0.032831129, 0.022404967
732, 0.008513979, 0.009767271, 0.023585276, 0.017665125
733, 0.036706856, 0.019354619, 0.003858592, 0.020593733
734, 0.014417471, 0.034596557, 0.021365990, 0.017411830
735, 0.002816996, 0.006150044, 0.048589484, 0.006852148
736, -0.003438387, 0.044960865, 0.014715338, 0.010430239
737, -0.005612480, 0.031739618, 0.018426406, 0.012906626
738, 0.011320553, 0.027277287, 0.002368132, 0.041884197
739, 0.040412262, 0.029131421, 0.018293744, 0.031290664
740, 0.022869187, -0.001875856, -0.006719352, 0.014758533
741, 0.019116292, -0.005204196, -0.000226316, 0.026497504
742, 0.013142394, -0.005279255, 0.026422552, -0.006356481
743, -0.007337669, 0.033977705, 0.041258759, 0.004107039
744, 0.010037661, 0.017501694, 0.038009187, 0.036198284
745, -0.001593783, 0.037634510, 0.018887857, 0.037001053
746, 0.043781362, 0.003451907, 0.000140604, 0.040545112
747, -0.008672623, 0.023101847, 0.009658891, 0.017463715
748, 0.024319581, 0.037590407, 0.005916284, 0.033753588
749, 0.010015038, 0.039291514, 0.003162240, -0.007662621
750, 0.009811799, 0.008992697, 0.001296448, 0.046676026
751, 0.037817804, 0.014969360, 0.010133773, 0.006896175
752, -0.011416548, 0.036470086, 0.036840896, 0.014019431
753, 0.008180138, 0.020235813, -0.009772836, 0.038509999
754, 0.014039051, 0.029158590, 0.029848967, -0.009565241
755, 0.043461773, 0.009905205, 0.034096739, -0.002382142
756, 0.004878458, -0.012437231, 0.044330994, 0.023383857
757, 0.010148171, 0.036365819, 0.013637889, 0.011966652
758, -0.000498929, -0.008354060, 0.027520040, 0.000063038
759, -0.009426050, 0.016110632, 0.019504774, -0.004990055
760, 0.003859325, 0.024760678, 0.040609586, 0.025977356
761, 0.018825050, 0.035900751, -0.004524285, 0.026478386
762, 0.010906801, 0.030855782, 0.020801408, 0.003567472
763, 0.032328799, 0.007170507, -0.008291519, 0.024800831
764, 0.002675876, -0.014102022, 0.034276665, 0.041647034
765, 0.008428345, -0.003990960, -0.006150385, -0.009251685
766, -0.001726165, -0.014998887, 0.020793781, 0.009126397
767, 0.007669555, 0.008797689, 0.022733211, 0.037378079
768, 0.018368677, 0.044068203, 0.017408579, 0.043983683
769, 0.026460337, 0.042548591, -0.002387313, 0.029131246
770, 0.036577289, 0.033521625, 0.036501687, 0.030057239
771, 0.016429479, 0.024963234, 0.030489759, 0.008813439
772, 0.000719133, -0.008787607, 0.037931569, 0.038821658
773, -0.006618308, 0.021961827, 0.030691894, 0.038392050
774, -0.001928123, 0.012201220, -0.009637006, 0.013565355
775, 0.000415702, 0.008281370, -0.002195436, -0.000841473
776, 0.007369775, -0.002665678, 0.047058728, 0.022696744
777, 0.044849160, 0.034670511, 0.002730600, -0.000970266
778, 0.041614032, 0.014226499, 0.025596933, -0.001828114
779, 0.024421747, 0.036422472, -0.006944655, -0.006110112
780, 0.005059603, 0.012436666, 0.000810968, -0.002794206
781, 0.020643931, 0.034917424, 0.020504910, 0.028181159
782, 0.008338620, -0.002074602, 0.009873791, 0.014015906
783, 0.022917382, 0.007672983, 0.014282488, 0.028292034
784, 0.004822987, -0.012661649, 0.029801611, 0.005139678
785, 0.000805040, 0.016487008, -0.009789151, 0.021961126
786, 0.028812512, 0.024340474, 0.018123906, 0.031740867
787, 0.029165443, 0.026890870, -0.004132999, 0.028808870
788, 0.018058991, 0.014551527, 0.048752644, 0.006498521
789, -0.002051494, -0.001646845, 0.005257285, 0.003997432
790, 0.034078500, 0.030508488, -0.002156100, 0.026361245
791, 0.011625168, 0.035562479, 0.004105392, 0.031158956
792, -0.010800623, -0.004696509, 0.000081368, 0.031888451
793, -0.003284294, -0.004685389, 0.002059725, -0.007586449
794, 0.011708897, 0.044260291, 0.019968524, 0.035172971
795, 0.030291293, 0.014204743, 0.005499561, 0.002975971
796, 0.040227492, 0.016482291, 0.013023688, 0.005833616
797, 0.043799175, 0.033367578, 0.013209496, -0.002090246
798, 0.029859231, 0.014113319, 0.030266162, 0.019582747
799, 0.010857919, 0.013301085, 0.000171146, 0.010303450
800, 0.005728550, 0.039297167, -0.009011009, -0.008705518
801, 0.032086926, 0.021809306, 0.008088690, 0.011177028
802, -0.003249852, 0.037171066, -0.012916486, 0.038579715
803, -0.000281386, -0.005455127, 0.005704271, -0.004164104
804, -0.010203015, -0.002441837, 0.004182502, 0.039973114
805, -0.007229156, 0.023929048, 0.012838874, 0.013432283
806, 0.031152698, 0.000868766, 0.028816171, 0.024117446
807, 0.023079178, -0.008323355, -0.004593310, -0.011261400
808, -0.011346245, 0.008779033, 0.022670059, 0.000629550
809, 0.009820112, 0.011098158, 0.015315005, 0.009522362
810, 0.013397353, -0.007605592, 0.024473768, 0.009359800
811, 0.031186646, 0.018130234, 0.024707355, 0.025040098
812, 0.016781872, 0.030967977, 0.001061140, 0.004326631
813, 0.024787671, 0.009226372, -0.013113212, 0.022813523
814, 0.023331263, 0.019586892, 0.015588946, 0.036077643
815, 0.014272581, 0.016799415, -0.001670465, 0.022149498
816, 0.029671800, -0.006619559, 0.004286681, 0.018628337
817, 0.004015993, 0.014440016, -0.001035015, 0.002622759
818, 0.033210155, 0.033991679, 0.020131210, 0.017172320
819, 0.032266906, -0.001014576, 0.000861302, 0.019008537
820, 0.025588570, 0.039918603, -0.003244296, 0.031655985
821, 0.011684545, -0.000211549, 0.003421241, 0.003544806
822, 0.042304593, 0.033165029, 0.020731472, 0.024854300
823, 0.004721487, 0.045244466, 0.018327922, 0.039412903
824, 0.047717086, 0.030792107, -0.007437341, 0.023919035
825, 0.039826891, 0.039957389, 0.020452683, 0.028952330
826, 0.011853780, 0.027109794, -0.008673490, -0.011896583
827, 0.025223629, 0.029123568, -0.004006261, 0.029045769
828, 0.034633393, -0.002225715, 0.011690721, 0.026979246
829, 0.017018703, 0.041551490, 0.023975187, 0.040652236
830, -0.002558755, 0.030999250, 0.002630652, 0.037013364
831, 0.003177984, 0.045319629, 0.000763694, 0.016002225
832, -0.012421006, 0.042225539, 0.028651501, -0.002007028
833, 0.003239199, 0.044078482, 0.021094507, 0.044458153
834, 0.021306406, -0.017065085, 0.005856683, 0.021342399
835, -0.006507408, 0.006948488, 0.014801404, 0.031711478
836, 0.028298965, -0.006646185, 0.002609359, 0.002548286
837, 0.030093359, 0.008688577, 0.023623057, 0.017583635
838, 0.010239655, 0.036907883, 0.025494580, 0.036203871
839, 0.009289080, 0.043827778, 0.010279959, 0.019367573
840, -0.004508843, 0.028628467, -0.007293030, 0.031038157
841, 0.004968254, 0.035669742, -0.005006643, 0.002842090
842, 0.035990061, 0.010376977, 0.030890596, 0.006310552
843, 0.031332496, 0.005435214, 0.001530848, 0.037098409
844, 0.001322754, 0.005331065, 0.026876152, 0.008180455
845, 0.006321233, -0.000441909, -0.007030571, 0.008252830
846, -0.002052711, 0.010940835, -0.001953202, 0.025235798
847, 0.037370159, 0.038157725, 0.027614125, -0.001848206
848, 0.013637082, 0.024013277, -0.000124682, 0.035795959
849, -0.010460535, -0.003596857, -0.010372372, 0.014977975
850, -0.007681701, 0.025654060, 0.012040147, 0.041226825
851, -0.001608572, -0.000974390, -0.003716406, 0.033326142
852, 0.044638672, 0.034534049, 0.012481874, -0.001878319
853, 0.018957126, 0.010224614, 0.022696574, -0.007105780
854, 0.001567340, 0.001186336, 0.005847498, 0.018031973
855, 0.014481229, 0.026554696, 0.003328518, 0.033920973
856, 0.004357249, 0.012886378, 0.014907879, 0.049442547
857, 0.028754185, -0.005193985, 0.019721153, 0.002971149
858, -0.004660745, -0.004232741, -0.012850880, 0.017898699
859, 0.001265748, 0.031695142, 0.001338759, 0.028684724
860, 0.015271428, 0.024626870, -0.001211160, 0.007891793
861, -0.008137042, 0.023608074, 0.029804553, 0.001637858
862, -0.008470523, 0.042787690, 0.014825368, 0.020755532
863, 0.021130737, -0.004357614, 0.008732155, -0.008526476
864, 0.027420510, 0.002384865, 0.017914379, -0.012143259
865, -0.003111931, 0.001866812, 0.033348704, 0.005670256
866, 0.013133107, 0.036740930, -0.008537183, 0.002707173
867, 0.003142923, 0.025940044, 0.007433417, 0.013108991
868, 0.031299541, 0.033290199, 0.000149299, 0.012261018
869, -0.000071245, -0.009548954, 0.010139000, 0.037587874
870, 0.038720444, 0.013293090, -0.003226074, 0.025668076
871, -0.007326984, 0.008848954, 0.030276838, 0.041172235
872, 0.010615664, 0.007581589, 0.023804764, 0.026826071
873, -0.005847957, 0.014542534, -0.000662239, 0.037742399
874, 0.009329287, 0.011170283, 0.006946444, 0.022121488
875, 0.029337386, 0.031546998, 0.033901014, 0.034584564
876, -0.000148841, 0.024627703, 0.012004991, -0.005113333
877, 0.042467462, 0.017237052, 0.006155205, -0.010080206
878, 0.027273677, 0.010893886, 0.012199081, 0.014636940
879, 0.029551727, 0.039429917, 0.005615558, 0.046311893
880, 0.037196174, 0.014053717, 0.003080730, -0.002687845
881, 0.003097439, 0.020317407, -0.009267395, 0.020258067
882, 0.003319975, 0.035811655, 0.004787276, 0.014044996
883, 0.005406638, 0.011098949, -0.007683310, 0.034482551
884, 0.038992648, 0.012672244, 0.004583462, -0.001349930
885, 0.045482385, 0.032531331, 0.044012592, -0.001826407
886, 0.023184703, 0.024033247, 0.040611189, 0.012975127
887, -0.006930732, 0.035934604, -0.012844319, 0.001408170
888, 0.029609172, 0.017158453, 0.000343041, -0.009869851
889, 0.028312722, 0.016841815, -0.008636021, 0.040895761
890, -0.006238800, 0.028522816, 0.008416929, 0.016064536
891, 0.023165595, 0.022069815, 0.001179268, 0.003846392
892, 0.017597784, 0.025741111, 0.040959597, 0.011548310
893, 0.035399317, 0.020879741, 0.023713033, -0.011124594
894, 0.035314160, 0.006459367, 0.016239053, 0.012509988
895, 0.008547131, -0.007028267, 0.027179528, 0.036244689
896, 0.027939395, 0.014531508, 0.024152380, -0.002601081
897, 0.013534120, 0.037619842, 0.040030050, 0.028486485
898, 0.014041085, 0.009531110, -0.009991352, 0.033521255
899, 0.016666876, 0.021802747, 0.007418289, -0.002274157
900, -0.002893173, 0.035606219, 0.024343933, 0.039436309
901, -0.001820483, -0.004961701, 0.026923249, 0.004946596
902, 0.033957380, 0.026821450, 0.023461174, 0.003991580
903, 0.045473952, 0.013251478, -0.005530279, -0.008667739
904, -0.001976980, 0.032603147, -0.013342551, 0.026270286
905, 0.012084969, 0.012879035, -0.010329754, 0.043015983
906, 0.004739266, 0.000611253, 0.007119908, 0.004157359
907, 0.014732239, -0.002015215, 0.015674524, 0.010113424
908, 0.040586948, 0.000694113, 0.037489840, 0.020324466
909, 0.033807883, 0.001325499, -0.003226464, 0.006700148
910, -0.018666682, 0.009053077, -0.001168957, -0.013407244
911, 0.023191096, -0.003253678, 0.019018211, 0.038492806
912, -0.013662639, -0.009684706, -0.005140675, 0.000168840
913, 0.020800519, 0.023545391, -0.003286916, 0.019874759
914, 0.007689976, 0.032894181, -0.004155619, 0.003702529
915, 0.014400466, 0.019192503, 0.005568598, 0.038967091
916, -0.010327162, 0.028453831, 0.022187719, 0.026019506
917, -0.004002380, -0.003833760, 0.012620727, 0.038509510
918, 0.041850701, 0.002661131, 0.018870955, 0.021462265
919, 0.034187137, 0.024010354, 0.017062101, 0.027061250
920, 0.000193338, -0.001965127, 0.014584908, -0.004276444
921, 0.004277362, 0.034482809, 0.011655575, 0.017921181
922, 0.000166408, 0.037481611, 0.025919309, 0.006202578
923, -0.008760091, 0.002099396, 0.015328903, -0.008961808
924, 0.013068715, -0.002772772, 0.038000979, 0.025512312
925, 0.023124170, 0.009702809, 0.030849901, 0.018375087
926, 0.020684992, 0.028356440, 0.008715049, 0.012456620
927, -0.004096669, 0.004027382, 0.035524214, 0.043479809
928, -0.006889338, 0.005703953, 0.001599770, 0.001326629
929, 0.040787108, 0.001453746, -0.004091809, -0.002095890
930, 0.002170765, 0.003500440, 0.008593593, 0.041252571
931, -0.001806536, 0.028655548, -0.001906635, 0.011078312
932, -0.013190254, 0.017733969, 0.009186747, 0.008715531
933, 0.036600888, 0.034487149, 0.037608220, -0.001030987
934, 0.019447564, -0.011476653, 0.041575380, 0.028833538
935, 0.000884380, 0.009885025, 0.033542262, 0.018386424
936, 0.014514745, 0.024824720, 0.012792276, 0.000803095
937, 0.025533491, 0.017867007, 0.030591602, 0.034291889
938, 0.036184575, 0.008265064, 0.027148916, 0.038143790
939, 0.026827339, 0.042515921, 0.002557915, -0.005767404
940, -0.009441052, -0.000320075, 0.039091685, 0.005815559
941, -0.004927081, 0.003030870, 0.029311645, 0.010224761
942, 0.000154871, 0.002392442, 0.030237554, 0.034936108
943, 0.034951066, -0.000022428, 0.035703372, 0.038192341
944, 0.043324752, 0.002101196, -0.005184257, -0.007421270
945, 0.026029535, 0.026175506, 0.033110425, 0.034129310
946, 0.026941123, 0.011256436, 0.006941651, 0.036056584
947, 0.040045279, 0.014701179, 0.005338970, 0.046289690
948, 0.000456378, 0.020682735, 0.002442647, -0.007822532
949, 0.042756331, 0.032443416, 0.005809186, 0.026885856
950, -0.011348916, 0.027709738, 0.012210766, 0.002912528
951, 0.035798239, 0.009888300, 0.015059650, 0.026404075
952, 0.017493390, 0.032050721, 0.028350193, 0.006217134
953, -0.004307244, 0.004955374, 0.041891441, 0.006909758
954, 0.033232401, 0.029717509, -0.005973327, -0.003965278
955, 0.010547069, 0.025330301, 0.012346108, 0.038330930
956, 0.037226525, 0.023011951, 0.020671889, 0.013661309
957, 0.004053828, 0.026283043, 0.008674147, 0.046843479
958, 0.031170311, 0.012670443, 0.026506793, 0.018960818
959, 0.043073262, 0.024209116, 0.009961148, 0.016139422
960, -0.010581679, 0.006181375, 0.024660596, 0.011167246
961, 0.001727037, -0.004716977, -0.006044930, 0.023769254
962, 0.026655654, 0.013930381, 0.020348241, 0.023719367
963, 0.008299657, 0.039048194, 0.010074974, -0.010766283
964, -0.008836319, 0.004306030, -0.006877481, -0.009123948
965, 0.019719782, 0.028380969, 0.035434247, 0.026773224
966, -0.006374192, 0.041317905, 0.003788952, 0.023023015
967, 0.005442467, 0.020316304, 0.034860071, 0.011776844
968, 0.024167445, 0.006137122, -0.003307539, 0.030614667
969, -0.014752209, 0.040587654, 0.004300525, -0.004152536
970, 0.031713126, 0.012409653, 0.040558479, 0.017047990
971, 0.030580297, 0.018665092, -0.002699428, -0.007201344
972, 0.038927854, 0.027979567, 0.032844813, 0.024457091
973, 0.017024701, 0.024632441, 0.024603163, 0.022868679
974, 0.008288021, 0.016848171, 0.027728278, -0.007163996
975, 0.026862774, 0.042017657, 0.012615912, 0.014496627
976, 0.030667712, 0.003965939, 0.003839828, -0.006675809
977, 0.003450849, 0.008591313, 0.001394512, 0.031241488
978, 0.014071719, 0.016711415, 0.037799200, 0.029559663
979, 0.024186502, 0.021414824, 0.009651528, 0.034353875
980, 0.032415636, 0.005866032, 0.025442791, -0.003992424
981, -0.012216358, 0.040193962, 0.038341631, 0.033538185
982, 0.024843440, 0.017982858, 0.022816569, 0.043923360
983, 0.023826675, -0.001410616, 0.042221593, 0.012220997
984, -0.007131208, 0.037181665, 0.015453129, 0.041770803
985, 0.041582321, 0.037852551, 0.010989095, 0.027454841
986, -0.003248936, -0.002029053, 0.034052785, -0.011300239
987, 0.020221882, -0.008538618, -0.004449797, 0.000459431
988, 0.006047414, 0.038590385, 0.010902952, 0.013245215
989, 0.016173607, 0.037185337, 0.033588365, 0.033982176
990, 0.023166028, 0.033816426, 0.015335162, 0.006562646
991, 0.022674575, 0.030173166, 0.043489532, 0.009562168
992, 0.017147613, 0.039845443, 0.005889562, 0.041910732
993, 0.007085761, 0.003456310, 0.000115770, 0.039468338
994, 0.019678580, 0.011441588, 0.027730947, -0.015991417
995, 0.018338944, -0.016063586, 0.007457971, 0.028299411
996, 0.025672295, -0.000436533, -0.000138750, 0.007913715
997, 0.016084111, 0.037604918, 0.006532325, 0.000603079
998, 0.024762372, 0.001287661, 0.036842914, -0.008759686
999, 0.001879040, -0.001342907, 0.000315688, -0.009727813
1000, 0.000811163, 0.001775945, 0.048693914, 0.000179096
