Meas, V1, V2, V3, V4
0, 0.021085776, 0.005176467, 0.013794799, -0.001025380
1, -0.000612886, 0.016331141, -0.002975189, -0.001501065
2, 0.026989411, -0.003565646, 0.001355788, -0.012818642
3, 0.027328780, -0.015451153, 0.039115547, 0.023196835
4, -0.007323360, -0.006707897, 0.007391516, -0.010807229
5, 0.038368014, 0.012794337, 0.014362964, 0.008234859
6, 0.037385677, 0.014866416, 0.033324975, 0.012434582
7, 0.032243692, 0.000473785, 0.011934671, 0.031787644
8, -0.003771031, 0.004923110, -0.012290706, 0.016678696
9, -0.016184048, 0.028963842, -0.002460534, -0.001118969
10, 0.032093955, -0.012081969, 0.024086818, -0.002330283
11, -0.006477417, -0.004681046, 0.023233900, -0.005624776
12, 0.020301714, -0.009807004, -0.017609823, 0.023624634
13, 0.036286104, 0.007189844, 0.018872407, 0.009467040
14, 0.025589891, 0.007000634, 0.005820960, 0.000951832
15, 0.017315046, 0.039346824, -0.016411523, 0.034047608
16, -0.014317738, 0.015507790, 0.029995705, -0.011194371
17, 0.005765989, 0.031776034, 0.017753262, -0.002048523
18, -0.002538605, -0.011283787, -0.014904572, 0.016493688
19, 0.007694953, 0.030233650, -0.000189320, -0.006886872
20, 0.031247407, -0.001226688, 0.028104369, 0.023161863
21, 0.024813572, -0.009742750, 0.021529192, 0.020862451
22, 0.008182053, 0.033035192, -0.005121749, 0.012150751
23, -0.003795407, 0.035956871, 0.033451599, -0.003326419
24, 0.034567923, -0.016972544, -0.012630702, -0.017567923
25, 0.031579430, 0.011374583, 0.008372852, 0.012404523
26, 0.014445842, 0.006159582, 0.010860572, 0.001029815
27, 0.010541398, -0.002728149, 0.011178540, 0.032199325
28, -0.011693049, 0.020593760, -0.016321045, 0.008858013
29, 0.000055834, 0.016306656, 0.037652279, -0.004813750
30, -0.010072720, -0.005270562, 0.030979625, 0.025876847
31, -0.018386025, 0.022654086, -0.007550193, -0.004713997
32, 0.017435370, 0.016765846, -0.004970971, -0.007198193
33, 0.015180768, -0.010244655, 0.002357758, 0.008530563
34, -0.001347129, 0.033868595, 0.006629892, 0.024507831
35, -0.000264659, -0.001914997, -0.004714736, -0.000107689
36, 0.019747333, 0.023775802, -0.002241050, 0.006283160
37, 0.017257111, -0.006364754, 0.013316557, 0.020718215
38, -0.011630384, 0.019682253, 0.014874691, 0.021573173
39, 0.014085796, 0.039899629, 0.003359913, -0.008108181
40, -0.005700817, 0.034004012, 0.006216564, 0.031716286
41, 0.032851423, -0.012062901, 0.015281797, 0.029144169
42, -0.000618107, 0.034949012, 0.003025902, -0.001801812
43, -0.001322361, -0.007873354, 0.039556123, 0.013325999
44, -0.000740131, 0.000099625, 0.005928150, 0.009209530
45, 0.034128613, 0.021904942, 0.016116594, 0.020748304
46, 0.037527194, -0.010447261, 0.011452408, 0.035743927
47, 0.002548689, -0.006955959, 0.012925478, 0.016501753
48, 0.008650884, 0.035572516, 0.005278877, -0.004017907
49, 0.023112343, 0.008375009, 0.011493682, 0.001138850
50, 0.017616032, 0.002969325, 0.033955936, -0.008033036
51, -0.000825964, 0.023825826, -0.003143487, 0.004174683
52, 0.025183570, -0.009509970, 0.032513081, 0.015806895
53, 0.018191149, -0.007126965, -0.009151611, 0.019444461
54, 0.028490668, 0.007227094, 0.039491620, -0.003918475
55, -0.016826184, 0.035801513, 0.010245706, -0.002320938
56, 0.026181039, -0.014717327, 0.016995116, 0.035478953
57, 0.032857017, 0.012506313, 0.006186243, -0.004753570
58, 0.028616267, -0.002323714, 0.025558690, 0.022712849
59, 0.012194625, 0.023616551, 0.038569026, -0.012148591
60, 0.000999938, 0.032141870, 0.004259339, -0.002205576
61, 0.035115882, 0.031561950, -0.013541192, -0.012213784
62, -0.004546879, -0.001503146, 0.001077709, 0.005242733
63, 0.022038480, -0.014529078, 0.000502994, 0.001265988
64, 0.021163452, 0.031839229, 0.003380581, 0.017176092
65, 0.009223927, 0.025484960, 0.011251900, 0.031468689
66, -0.009815627, 0.033209041, 0.019560402, 0.001319732
67, 0.024167146, -0.000276406, 0.016148695, 0.020085147
68, 0.006266072, 0.015323439, -0.006136713, 0.011630056
69, 0.028709542, 0.026420474, 0.020877289, -0.004393215
70, 0.002586322, 0.022744673, 0.016105465, 0.021346969
71, 0.014582732, 0.024308942, -0.019016701, -0.012685496
72, 0.028543031, 0.033525793, 0.016390462, 0.017227966
73, -0.003068205, 0.016676964, 0.010882036, 0.023846556
74, 0.016044643, -0.005534498, -0.006635326, -0.003774812
75, 0.039190032, 0.009992078, -0.014384657, 0.012577751
76, 0.002119942, 0.030810161, 0.015600418, 0.008525121
77, 0.011545745, 0.018559555, 0.030463251, 0.036508728
78, 0.030847342, 0.022123740, 0.004418827, 0.034871503
79, 0.041174856, -0.004104709, 0.000139233, 0.010728692
80, 0.011836522, 0.005013583, 0.006322011, 0.000708391
81, -0.003685349, 0.027812497, 0.016031207, 0.015448197
82, -0.012049734, 0.002787830, 0.000152040, 0.014475891
83, 0.026364993, -0.010593301, 0.004823614, 0.010593598
84, -0.002517559, 0.033764337, 0.036461107, 0.010942560
85, 0.023786721, -0.003182429, 0.008335130, 0.008034798
86, -0.007154862, -0.017379764, 0.005160498, -0.004535326
87, -0.000454752, 0.000828835, -0.000884284, 0.013506903
88, 0.020417133, 0.024168964, -0.005025558, -0.012013870
89, 0.013650690, -0.000936547, -0.009929852, 0.036971981
90, 0.036663388, -0.009136917, 0.024518654, 0.020875930
91, 0.025395412, 0.030811506, -0.020063704, 0.030708137
92, 0.028096324, 0.029127073, 0.035942345, -0.006325835
93, 0.008709191, 0.023324923, 0.016661005, 0.011481749
94, 0.023113131, -0.004503278, -0.011347657, -0.018336424
95, -0.010828689, -0.004417208, -0.004415396, 0.021162304
96, 0.007267780, 0.017375597, 0.018516280, -0.014325287
97, -0.020385024, -0.008533638, 0.024767315, -0.017199781
98, 0.002001537, 0.013426959, 0.024386422, 0.015710970
99, 0.005530979, 0.035458885, 0.009954913, -0.011395593
100, 0.000572347, 0.030527507, 0.009532419, -0.005745177
