-0.001068272
0.026542912
0.018979491
0.011356304
0.020078163
0.033584065
0.032576147
0.002765512
0.012404347
0.043574061
-0.003399423
0.037195695
-0.011450790
0.005206930
0.025251794
-0.013516341
0.014515446
0.044961065
0.041691367
0.020306490
0.017136093
0.007444321
0.032921320
0.025409229
-0.011210045
-0.010112169
-0.001206640
0.000945936
-0.013899508
0.031100588
0.031885546
0.020051250
0.013273251
0.034716553
0.021639976
0.020314704
0.034689767
0.007885598
-0.006481141
0.001552136
0.006015240
0.023705397
0.000336852
-0.001337468
0.034838828
0.026394371
0.021020669
0.014835763
-0.003216660
-0.002386334
-0.006970064
0.013687624
0.005998698
0.009327790
0.014093395
0.008452537
0.002995362
0.042876024
0.010503373
0.042360806
-0.007266030
-0.006296214
0.001671775
-0.004093506
0.042672422
0.031808284
0.043982105
0.034234653
0.022147357
0.048304914
0.016964030
0.012553364
0.039201767
-0.004028522
0.008211230
0.001342555
0.041706242
-0.014548075
0.006495141
-0.008342272
-0.002150552
0.004615702
0.032340508
0.029410794
-0.000715518
-0.002142610
0.019159809
-0.000561788
0.019239600
-0.005821338
-0.007938784
0.007941737
0.020577991
0.012335843
0.010642741
0.036070277
0.011316661
0.028705056
-0.001816234
-0.001271055
-0.009882521
0.030844501
0.030052329
0.004232818
0.017251838
-0.010953322
0.027958742
0.021568146
0.025134005
0.002594505
0.016603947
0.034907803
0.039769214
0.036314930
0.007042452
0.003094422
0.004332067
-0.006905525
0.019519489
0.033201308
-0.007464426
0.003313986
0.009951940
0.024817077
0.001717019
0.036497000
0.006209927
-0.011171886
0.041620515
0.004568088
0.009524905
0.028213856
-0.010961197
0.034458533
0.033511757
-0.006414600
0.017125263
0.024682780
0.012954174
0.041927058
0.006772802
-0.004271641
0.025034113
0.039385192
0.003897149
0.033792121
-0.002623055
0.003893512
0.044398711
0.003179730
0.021208959
-0.008018336
0.013361752
0.012948229
0.007821659
0.039067681
0.032747904
0.039293971
-0.002790305
-0.002642099
0.022129920
0.027498512
0.036771625
-0.003594974
-0.004731439
0.001045754
-0.000612989
0.004875372
0.039546734
0.006664533
0.013355044
0.001935331
-0.006838580
0.046350872
0.042867489
-0.004232097
0.027610851
0.018820989
-0.011340188
0.014444683
0.027594156
0.013915722
0.033767695
0.010718123
0.036919689
0.043963964
0.036012399
0.021559500
0.017730519
0.008301190
0.002770364
0.031572886
-0.000700914
0.024028632
0.023692471
-0.008962534
0.012760058
0.038930242
0.022429553
0.006389211
0.020930521
-0.006017482
0.042111481
-0.008475171
0.009219419
0.013753384
-0.007963086
0.029363662
0.030812078
0.002490728
-0.003127119
0.033322668
0.037935667
0.019719555
0.022754985
-0.008810400
-0.007567236
0.024274493
-0.003951581
0.043155809
0.010453441
0.018825264
-0.008119663
-0.015440250
0.029027635
0.033118746
0.013964694
0.018080471
0.005195550
0.041409985
0.005976517
0.031794602
0.012822981
-0.017238689
0.028505483
0.041361230
0.032987860
-0.003482048
0.025909957
0.030942517
-0.003335810
0.047126433
0.009666743
0.044714209
0.014967793
-0.002084121
-0.002587884
0.002293413
0.013119240
0.022233845
0.031839614
0.010326881
0.007083511
0.003161756
0.012381148
0.035188321
0.045806329
0.025055332
0.023666088
-0.000255673
-0.007671526
0.042458961
0.031573924
0.036012119
0.003839145
-0.006539743
-0.006984324
0.019296475
-0.006562395
0.004448667
-0.001891763
0.019825557
0.029213938
0.014859291
-0.003257666
0.011677990
0.001129632
0.026429092
-0.009997755
-0.004704431
0.000051242
0.023524645
-0.008738288
-0.009090108
0.013842001
0.008624366
-0.010517510
-0.007017772
-0.010377133
0.043536949
0.021346568
0.026212796
0.026432987
0.007931988
0.005720156
0.006448981
0.023157241
0.023725709
0.008838810
-0.002662647
0.025371263
-0.007797110
0.045574675
0.034407339
0.035481802
-0.008000170
0.013247771
0.040817470
-0.003690047
0.040006209
0.001739591
0.006921257
0.040259821
-0.007322766
0.001533246
-0.009563564
0.007540095
-0.005723205
0.035966940
0.037038844
-0.001029287
0.025413691
0.018972407
0.034082948
0.018643015
-0.010460888
-0.007164962
0.018613797
0.021973860
0.020726008
0.013430506
-0.010434765
0.033049752
0.032354101
0.015447326
-0.005767548
0.035368835
0.033442943
0.027762246
-0.004019306
-0.004710918
0.035141763
-0.001051317
0.034553403
0.022390992
0.042147490
-0.000322835
-0.001146376
0.029330601
0.020994606
0.016717123
0.036670130
0.024760173
0.003011497
0.016063523
0.005892016
-0.001943018
0.011433404
-0.003760471
0.041777322
-0.011237164
0.003825937
0.019268396
0.012443270
0.016326628
0.001456160
0.017511959
0.016459077
0.047101658
0.016479801
0.026093505
0.011756745
0.009718411
0.034275148
0.044787025
-0.013162061
0.020077653
0.003813680
0.001481636
-0.004439113
0.029480364
-0.000453552
0.003655484
0.018613339
0.009744768
-0.008388701
-0.000020735
0.017104591
-0.004928839
0.022307043
0.028851257
0.000008668
0.015201562
0.029795357
-0.011596385
0.041030247
-0.010329659
0.000867285
0.028085473
0.040583903
0.042540785
0.037390961
0.010536377
0.016345298
0.029151606
0.001905902
-0.004438954
0.029953298
0.032293753
0.005759678
0.029106811
-0.006067541
0.042464205
0.015552903
0.016507893
0.030431847
0.014849020
0.007863504
0.006920769
0.032682845
0.020663630
0.027711722
0.013300464
0.000231631
0.014117558
0.021747715
-0.004678532
0.014164147
0.037209127
0.022245081
-0.012843338
0.027454065
-0.008735594
0.016603275
0.040298804
0.025781162
-0.010572902
0.000604890
0.000673278
0.041032704
-0.003419110
0.003544181
0.017757543
0.004599912
0.037776499
-0.002151475
0.036177637
0.032240352
0.033344219
0.006024931
0.007289603
0.019666762
0.032249463
0.001226934
0.004198931
0.023568500
0.029219484
0.023838259
-0.001889526
0.033671985
0.032587355
0.012684173
0.003551126
0.022817407
-0.007156763
0.005624388
-0.005320546
0.030189341
0.011399793
0.024389456
0.023766479
-0.007849935
0.041344146
0.023445417
-0.003699746
0.042559217
0.034197492
0.012902627
0.039067219
0.012877359
0.003707752
0.001423012
0.003564288
-0.004672317
0.001515347
0.033779846
0.009072214
0.022222090
0.027184653
0.006446961
-0.011764851
0.006801113
0.024851436
0.022614463
0.022332638
0.035321947
0.009980063
0.028968745
-0.008300286
0.003070048
0.042414960
0.037181917
0.025343856
-0.004200647
0.004273483
0.015265407
-0.002065423
0.020316298
0.022683517
0.024289416
0.043315748
0.036384228
0.033193468
0.012602084
0.035151633
0.011001370
0.021609359
-0.010593709
0.038356654
0.016995185
0.040135038
-0.010170170
-0.010856079
0.016956638
0.035542766
0.041805255
-0.003306479
0.044712099
0.025740893
0.035374625
-0.002718308
0.015562753
0.011972649
-0.018873978
0.019990685
-0.004702480
0.024611073
0.039844886
0.029368801
0.041552749
0.025530704
-0.003618266
0.029311166
0.006756842
0.036311149
0.048520493
-0.011539228
0.029902642
0.009659806
0.016053463
0.036048297
-0.001037188
0.000205101
0.021565574
0.015309297
0.020939959
0.035613866
0.008278243
0.031687905
-0.003204625
0.021638041
0.028439265
0.022311768
-0.006610579
0.035738371
0.019411313
0.017004816
0.034372547
0.035375172
0.037134845
0.043594779
0.018344188
0.017559335
0.012008426
0.044394831
0.004706788
0.037827560
0.000762357
0.028414439
0.005287531
0.015825967
0.016827386
0.042256943
-0.010844302
0.013477523
0.013939828
0.000584465
0.019295589
0.020614903
-0.009209285
0.023851682
0.003984739
-0.001068381
-0.012224068
-0.010216179
0.038654028
0.021035899
0.038009176
-0.002829655
0.040525313
0.004338656
0.026047750
-0.012113559
0.023714248
0.002427819
0.004371579
0.020032030
0.018120607
-0.004278054
-0.001364514
0.035984713
0.036887482
0.016433266
0.019415639
0.034474776
0.017199247
0.007489140
0.022417221
0.033708951
0.000534995
-0.008209143
0.012744283
0.041156186
0.031420671
0.014645408
-0.013381507
0.015779212
0.030490013
-0.011671628
-0.001991728
0.031108314
-0.003582643
-0.006151816
0.031388939
0.032714808
0.026738405
-0.008744266
0.023941500
-0.005623371
0.023267456
-0.008729454
-0.005863988
0.018852889
0.001244214
0.030692224
0.000399991
0.027579694
0.031552174
0.043384834
0.038890962
0.034226292
0.024708758
0.025511558
0.012741563
0.014275987
-0.008658592
0.027251299
-0.013432135
0.013952407
-0.007554114
-0.005739139
0.035371524
0.028227917
-0.006874529
0.034362635
0.021438337
0.017985791
0.006412076
0.020321463
0.003909746
0.034714120
-0.013099087
-0.009141478
-0.010062388
0.021717629
0.033885448
0.028012883
0.033256291
0.012340677
0.034438567
0.025695475
0.043800374
-0.001450535
-0.004867340
0.000453293
0.044972251
0.000625169
0.011140193
0.013334793
0.030967840
-0.002119586
0.012269253
-0.001504123
0.001846708
0.038435563
-0.000987420
-0.011348009
0.007180611
0.001294582
0.013675443
0.036801476
0.034564913
0.018448782
0.012204216
0.039651479
0.036544220
0.033706956
0.034054004
0.039460631
0.025466494
-0.010537235
0.009826893
-0.006708352
-0.009590536
0.035636665
-0.002451954
-0.004386775
0.008926280
0.011894665
0.000931543
0.000673710
0.011159056
0.019939519
0.013468775
0.034958950
-0.004751748
-0.005310033
0.035858133
0.023033734
-0.011808888
-0.001914425
0.018397558
0.008513979
0.036706856
0.014417471
0.002816996
-0.003438387
-0.005612480
0.011320553
0.040412262
0.022869187
0.019116292
0.013142394
-0.007337669
0.010037661
-0.001593783
0.043781362
-0.008672623
0.024319581
0.010015038
0.009811799
0.037817804
-0.011416548
0.008180138
0.014039051
0.043461773
0.004878458
0.010148171
-0.000498929
-0.009426050
0.003859325
0.018825050
0.010906801
0.032328799
0.002675876
0.008428345
-0.001726165
0.007669555
0.018368677
0.026460337
0.036577289
0.016429479
0.000719133
-0.006618308
-0.001928123
0.000415702
0.007369775
0.044849160
0.041614032
0.024421747
0.005059603
0.020643931
0.008338620
0.022917382
0.004822987
0.000805040
0.028812512
0.029165443
0.018058991
-0.002051494
0.034078500
0.011625168
-0.010800623
-0.003284294
0.011708897
0.030291293
0.040227492
0.043799175
0.029859231
0.010857919
0.005728550
0.032086926
-0.003249852
-0.000281386
-0.010203015
-0.007229156
0.031152698
0.023079178
-0.011346245
0.009820112
0.013397353
0.031186646
0.016781872
0.024787671
0.023331263
0.014272581
0.029671800
0.004015993
0.033210155
0.032266906
0.025588570
0.011684545
0.042304593
0.004721487
0.047717086
0.039826891
0.011853780
0.025223629
0.034633393
0.017018703
-0.002558755
0.003177984
-0.012421006
0.003239199
0.021306406
-0.006507408
0.028298965
0.030093359
0.010239655
0.009289080
-0.004508843
0.004968254
0.035990061
0.031332496
0.001322754
0.006321233
-0.002052711
0.037370159
0.013637082
-0.010460535
-0.007681701
-0.001608572
0.044638672
0.018957126
0.001567340
0.014481229
0.004357249
0.028754185
-0.004660745
0.001265748
0.015271428
-0.008137042
-0.008470523
0.021130737
0.027420510
-0.003111931
0.013133107
0.003142923
0.031299541
-0.000071245
0.038720444
-0.007326984
0.010615664
-0.005847957
0.009329287
0.029337386
-0.000148841
0.042467462
0.027273677
0.029551727
0.037196174
0.003097439
0.003319975
0.005406638
0.038992648
0.045482385
0.023184703
-0.006930732
0.029609172
0.028312722
-0.006238800
0.023165595
0.017597784
0.035399317
0.035314160
0.008547131
0.027939395
0.013534120
0.014041085
0.016666876
-0.002893173
-0.001820483
0.033957380
0.045473952
-0.001976980
0.012084969
0.004739266
0.014732239
0.040586948
0.033807883
-0.018666682
0.023191096
-0.013662639
0.020800519
0.007689976
0.014400466
-0.010327162
-0.004002380
0.041850701
0.034187137
0.000193338
0.004277362
0.000166408
-0.008760091
0.013068715
0.023124170
0.020684992
-0.004096669
-0.006889338
0.040787108
0.002170765
-0.001806536
-0.013190254
0.036600888
0.019447564
0.000884380
0.014514745
0.025533491
0.036184575
0.026827339
-0.009441052
-0.004927081
0.000154871
0.034951066
0.043324752
0.026029535
0.026941123
0.040045279
0.000456378
0.042756331
-0.011348916
0.035798239
0.017493390
-0.004307244
0.033232401
0.010547069
0.037226525
0.004053828
0.031170311
0.043073262
-0.010581679
0.001727037
0.026655654
0.008299657
-0.008836319
0.019719782
-0.006374192
0.005442467
0.024167445
-0.014752209
0.031713126
0.030580297
0.038927854
0.017024701
0.008288021
0.026862774
0.030667712
0.003450849
0.014071719
0.024186502
0.032415636
-0.012216358
0.024843440
0.023826675
-0.007131208
0.041582321
-0.003248936
0.020221882
0.006047414
0.016173607
0.023166028
0.022674575
0.017147613
0.007085761
0.019678580
0.018338944
0.025672295
0.016084111
0.024762372
0.001879040
0.000811163
0.010175826
0.029991361
0.034066213
0.017227873
0.014400096
0.029863254
-0.004179114
0.023684046
0.031781342
0.042171050
0.038815062
-0.013677384
0.026981679
0.019580563
-0.010825000
0.015734597
0.012666353
0.029763082
-0.010103961
-0.010097638
0.016312348
0.017165104
0.009317122
0.024237944
0.006598283
0.035991147
-0.000887170
0.040196079
0.014618012
0.034530882
-0.007083453
0.035392378
0.015449603
0.012156932
0.037079382
0.002973384
0.031804476
0.036538154
0.003510558
-0.017910036
0.002690917
0.001219232
0.017504945
0.030981744
0.021250274
-0.013697079
0.008442206
-0.009403901
0.036868432
0.007253946
0.007765784
0.018816876
0.039015318
0.007022177
0.031996356
0.026013967
-0.003814265
0.003974930
0.026587682
-0.007918349
0.022230435
0.023642013
0.042203949
0.030799324
-0.002433526
0.004793614
0.027580798
0.009744647
0.043699216
0.011162091
0.035615822
-0.007406118
0.047375410
-0.010080690
0.021501852
0.022280873
0.029224825
-0.005048451
0.041598969
0.026129533
-0.001006785
0.034196729
0.008362807
0.015788521
0.001764579
0.036856477
0.007173615
0.031523472
0.004425919
0.009012822
0.029543909
0.050155253
0.002222964
0.040020688
0.033848252
0.000081512
0.044692517
0.020084852
0.012604353
0.036344209
0.038183459
0.018683540
0.027869587
0.038982665
0.022574352
-0.000275318
-0.000784406
0.012660081
0.023290126
-0.011704095
-0.006759580
-0.005063650
0.024903458
-0.005384689
0.010345549
0.022489506
0.025702866
-0.000376558
0.031699968
0.036055701
-0.013986856
0.005310633
0.006642336
0.020853739
0.002022490
-0.007021857
0.013749426
0.022263323
-0.008892751
-0.005296930
0.045873312
0.037715253
-0.012789602
0.000099680
0.017570174
0.010704269
0.028235051
-0.011041438
-0.012459117
0.039233683
0.013998944
0.022006224
0.011566905
0.012744827
0.025889156
0.007229937
-0.002889123
0.032080586
0.014182815
0.035830164
-0.007025333
0.020965198
0.021518258
0.044703104
0.024891428
0.018933002
0.034025020
-0.000598219
0.022894289
0.034453788
0.037500583
0.027093330
0.019922129
0.015196312
0.014762447
0.002491442
0.035966069
0.039294721
0.026995134
0.005498990
-0.013303597
-0.002334621
0.031759153
0.038255465
0.013786870
-0.004648266
0.030966488
-0.003281900
0.027548842
-0.016815824
-0.009890054
-0.013779352
-0.012259077
-0.014974475
-0.012169320
0.022315212
0.014483984
-0.006708613
0.021750220
0.011786313
0.043768496
0.001391237
-0.002112020
0.011926767
0.034994439
-0.007882854
-0.000396032
0.000963112
0.005611821
0.030084674
0.021321176
0.007563514
0.032103743
0.034207559
0.028600219
0.043122357
0.011855941
0.040366827
0.026912045
0.023606300
0.021454485
-0.005749643
0.002678244
0.009020384
0.028342218
0.022002335
-0.002301264
0.015936208
0.043134762
0.043284104
0.020893031
-0.002893886
0.043446939
0.016523797
0.042116240
0.043093931
0.008258893
0.026298650
0.006454243
0.040791426
0.021185075
0.040594665
-0.009187939
0.026730345
0.020209829
0.034060235
0.009686042
0.010455644
0.041902534
0.030478546
0.025338569
0.035099613
-0.006197620
0.039279161
0.022929016
-0.012822234
-0.004438871
0.016616116
0.018294473
-0.013296625
0.003446877
0.038096421
0.000712035
0.016296438
0.034267804
0.026588020
0.042880400
0.019639461
0.028538600
0.039182703
0.035445533
0.026938234
-0.009148051
0.034917939
0.004775687
0.013899331
0.028887041
0.031174615
0.029358637
0.018858332
0.018536299
0.001062913
0.022077492
0.044418590
0.032120540
0.001112196
0.024347998
-0.001346471
0.002077410
0.008069220
0.001577373
-0.002042268
0.036127422
0.038582225
0.016204032
0.017980768
0.024699102
-0.011795629
0.041226655
0.024817235
-0.003864021
0.004028343
0.035329302
0.011220305
0.023875970
0.002868626
0.006490027
0.015836676
0.027018311
0.008490878
0.005656320
-0.004948215
0.007760235
0.024421260
0.025190881
0.014526997
-0.013514582
0.027221490
-0.001861728
0.010195301
0.026805129
0.041947762
0.001438357
0.037211936
0.012982749
0.010549208
0.023740153
0.013031339
0.012033097
0.033707294
-0.007274281
0.014039247
-0.001704170
0.000166931
0.031261777
0.019365782
-0.004861760
0.031003242
0.041984982
0.018863781
0.031544742
0.036590689
0.016807022
-0.004975522
0.020847476
0.005208901
0.014315736
0.002910504
0.036964714
-0.010221403
0.046138979
0.020292978
0.046012166
0.000334278
0.036290743
0.013013819
0.034267761
-0.004505567
0.021854636
0.030375610
0.024774056
0.019816834
0.045252818
0.013413984
0.002514987
0.024672652
0.029285350
-0.012875029
0.038463521
0.039803730
0.010454599
-0.003674619
-0.002355869
0.020028747
0.010474978
-0.001506092
0.038805824
0.022259555
0.031538569
0.011002859
0.013541599
0.042313762
0.040795079
0.016610457
0.016032028
-0.006168167
-0.001151824
0.006324623
-0.010502247
-0.002109834
0.005059329
-0.004780740
0.000889385
0.011683697
0.007830750
-0.002084901
0.021783700
-0.012086795
0.038978068
-0.006015205
-0.002864370
0.007225484
-0.006479305
0.030527949
0.034864513
0.002463595
0.018218396
0.011791837
0.020249066
0.014398296
0.019552024
0.004005341
0.028791714
0.034420113
0.004899507
0.010801757
-0.002401096
0.036849155
0.032960219
0.008454870
-0.002554611
0.023253405
-0.002785704
0.046638971
0.006365735
-0.005126422
0.033041034
0.034799713
0.041518860
0.039515452
-0.012388527
0.001761937
0.019454532
0.029072149
0.039133362
-0.002396319
0.031980270
0.009921408
0.033223313
0.025797919
0.016224820
0.022370870
0.013418748
0.029514630
0.030457080
-0.003395550
0.020578433
-0.002368043
0.017460309
0.023989387
-0.003355658
0.028555911
0.008272645
0.026520350
0.008077233
0.010330769
0.044161761
0.036628950
0.017183190
0.028012096
0.013253312
0.019348572
0.023871326
0.015644332
-0.002746784
0.001973336
0.018470264
-0.011840588
-0.004991825
0.008912083
-0.009784121
0.022248236
0.033799596
0.036062773
0.041578564
0.010454179
-0.011850976
0.000156088
0.032679822
0.038362664
0.038977251
0.015139111
0.022215512
0.021072216
0.017094318
0.038941490
0.025318901
0.033021194
0.023885937
-0.009512877
0.019010157
-0.004302695
0.024401490
-0.008349934
0.021755155
0.005630745
0.041111517
0.022773501
-0.001029598
0.018377296
0.029049422
0.002864056
0.009627261
-0.013121444
-0.003496531
0.015155737
0.033418513
0.005950743
0.019628785
0.023896385
0.036628487
0.032647905
0.000155624
0.013690271
0.006177254
0.036296586
0.007446448
0.036578765
-0.001415682
0.031709334
0.019437962
-0.006560224
0.036686131
0.006616564
0.010279565
0.034367255
-0.007600929
0.024424370
0.003283072
0.021642257
0.005582651
-0.009298323
-0.006942820
0.035145698
0.033270332
0.025865422
0.028359158
0.031460632
-0.001032799
0.040570390
0.024580059
-0.010664303
0.029483786
0.027224208
0.028434468
-0.000239881
0.030517673
0.012994721
0.021450558
0.042595664
0.043704671
0.008044545
-0.002068799
0.013210311
0.011287272
-0.001180385
0.026121482
0.010667928
-0.011790115
-0.004109166
0.017585467
0.029924461
0.013014973
0.015610818
0.041025671
0.024308477
0.000237444
0.007947038
0.007152961
0.027503631
0.018238189
0.033075661
0.012797496
0.036880822
0.008514185
0.036342898
-0.002412528
0.013610200
0.020505809
-0.000956927
-0.001652763
0.018392222
0.048570029
0.019462756
0.023715322
0.030665668
-0.008635527
0.037530385
0.036295461
0.032474785
0.030740618
0.036916296
0.008575789
-0.000243309
-0.003167008
-0.007489444
0.014987076
0.007490261
0.022692386
0.009543204
0.003712358
0.030488306
0.043256994
-0.004396625
0.020488843
0.017376077
-0.007049861
-0.007535162
0.038967047
0.004005938
0.036087041
0.002704766
0.029012174
0.027771376
0.009849971
0.009023027
-0.010916228
0.004524597
0.009711734
0.039094760
0.026108562
-0.000134772
0.031739678
0.011987685
0.031962488
0.006211425
0.039784310
0.022290449
0.029643239
0.015771280
0.026451134
0.027043820
0.048412815
0.014734845
0.028449869
0.020254472
0.039424503
-0.001179248
0.028319595
0.023984087
0.003315643
0.021745123
0.040539391
0.006804556
0.033232621
0.039849822
-0.012062826
0.043654911
0.021095710
-0.009762090
0.022069625
-0.011553864
-0.000836194
0.023701599
-0.007127940
0.035932975
0.024383250
-0.011761298
0.030468095
0.038174590
0.018425872
0.030189528
-0.003488939
-0.007526213
-0.002441125
0.048527105
0.016132224
0.004923010
-0.001809917
0.016933479
0.021128670
0.016496779
0.016219247
0.008400166
0.030068766
0.000682908
0.018996440
0.022802685
0.007226001
0.019813359
0.001486397
0.017897437
0.025877927
-0.007482950
0.028145459
0.020192862
0.036285507
0.022630255
-0.008023801
-0.005549440
0.028563503
-0.001120964
-0.001668764
0.026890846
0.004981017
0.045172869
0.016677132
0.007815164
0.011987341
-0.008550423
0.024904841
0.014136854
0.005960025
0.000138878
0.023199798
0.017931490
0.030595725
0.017397952
0.019872672
-0.010442246
-0.013669558
0.042697737
0.035025999
0.043268055
0.037202950
0.012199480
0.045816386
0.011082883
0.002776609
0.040219352
0.027196524
0.020708724
0.032666155
0.031617308
0.025865480
0.024453213
0.045209441
-0.005022882
0.037054354
0.002694187
0.031275348
-0.012056858
0.029219028
0.006354511
0.031331311
0.007155423
-0.006178417
-0.010209734
0.018235653
0.027700519
0.025102115
-0.005728817
0.009767271
0.019354619
0.034596557
0.006150044
0.044960865
0.031739618
0.027277287
0.029131421
-0.001875856
-0.005204196
-0.005279255
0.033977705
0.017501694
0.037634510
0.003451907
0.023101847
0.037590407
0.039291514
0.008992697
0.014969360
0.036470086
0.020235813
0.029158590
0.009905205
-0.012437231
0.036365819
-0.008354060
0.016110632
0.024760678
0.035900751
0.030855782
0.007170507
-0.014102022
-0.003990960
-0.014998887
0.008797689
0.044068203
0.042548591
0.033521625
0.024963234
-0.008787607
0.021961827
0.012201220
0.008281370
-0.002665678
0.034670511
0.014226499
0.036422472
0.012436666
0.034917424
-0.002074602
0.007672983
-0.012661649
0.016487008
0.024340474
0.026890870
0.014551527
-0.001646845
0.030508488
0.035562479
-0.004696509
-0.004685389
0.044260291
0.014204743
0.016482291
0.033367578
0.014113319
0.013301085
0.039297167
0.021809306
0.037171066
-0.005455127
-0.002441837
0.023929048
0.000868766
-0.008323355
0.008779033
0.011098158
-0.007605592
0.018130234
0.030967977
0.009226372
0.019586892
0.016799415
-0.006619559
0.014440016
0.033991679
-0.001014576
0.039918603
-0.000211549
0.033165029
0.045244466
0.030792107
0.039957389
0.027109794
0.029123568
-0.002225715
0.041551490
0.030999250
0.045319629
0.042225539
0.044078482
-0.017065085
0.006948488
-0.006646185
0.008688577
0.036907883
0.043827778
0.028628467
0.035669742
0.010376977
0.005435214
0.005331065
-0.000441909
0.010940835
0.038157725
0.024013277
-0.003596857
0.025654060
-0.000974390
0.034534049
0.010224614
0.001186336
0.026554696
0.012886378
-0.005193985
-0.004232741
0.031695142
0.024626870
0.023608074
0.042787690
-0.004357614
0.002384865
0.001866812
0.036740930
0.025940044
0.033290199
-0.009548954
0.013293090
0.008848954
0.007581589
0.014542534
0.011170283
0.031546998
0.024627703
0.017237052
0.010893886
0.039429917
0.014053717
0.020317407
0.035811655
0.011098949
0.012672244
0.032531331
0.024033247
0.035934604
0.017158453
0.016841815
0.028522816
0.022069815
0.025741111
0.020879741
0.006459367
-0.007028267
0.014531508
0.037619842
0.009531110
0.021802747
0.035606219
-0.004961701
0.026821450
0.013251478
0.032603147
0.012879035
0.000611253
-0.002015215
0.000694113
0.001325499
0.009053077
-0.003253678
-0.009684706
0.023545391
0.032894181
0.019192503
0.028453831
-0.003833760
0.002661131
0.024010354
-0.001965127
0.034482809
0.037481611
0.002099396
-0.002772772
0.009702809
0.028356440
0.004027382
0.005703953
0.001453746
0.003500440
0.028655548
0.017733969
0.034487149
-0.011476653
0.009885025
0.024824720
0.017867007
0.008265064
0.042515921
-0.000320075
0.003030870
0.002392442
-0.000022428
0.002101196
0.026175506
0.011256436
0.014701179
0.020682735
0.032443416
0.027709738
0.009888300
0.032050721
0.004955374
0.029717509
0.025330301
0.023011951
0.026283043
0.012670443
0.024209116
0.006181375
-0.004716977
0.013930381
0.039048194
0.004306030
0.028380969
0.041317905
0.020316304
0.006137122
0.040587654
0.012409653
0.018665092
0.027979567
0.024632441
0.016848171
0.042017657
0.003965939
0.008591313
0.016711415
0.021414824
0.005866032
0.040193962
0.017982858
-0.001410616
0.037181665
0.037852551
-0.002029053
-0.008538618
0.038590385
0.037185337
0.033816426
0.030173166
0.039845443
0.003456310
0.011441588
-0.016063586
-0.000436533
0.037604918
0.001287661
-0.001342907
0.001775945
-0.001563827
0.010387754
0.039250648
0.036619076
0.006247688
0.017929350
0.000157971
0.038518345
0.020674655
0.015465229
0.031250201
0.027977791
0.004571585
0.039439581
0.023784440
0.028443964
0.025033613
0.000089021
0.002397474
0.008292126
0.032325436
-0.005842783
0.041047499
-0.010998695
0.041984888
0.016648335
0.020300893
0.008893963
-0.015796941
0.023123667
-0.010753252
0.024415349
0.009014120
0.029001725
0.040979604
0.019855102
0.040799141
0.012904576
0.041244952
0.036446764
-0.007414912
0.031305700
0.013543360
-0.011930860
-0.000290084
0.000455692
0.023859951
0.043025570
0.005399290
0.035240440
0.006224037
0.021622720
0.022397190
0.008176351
-0.001136434
0.013097361
0.023823251
0.014742845
0.007692803
0.002014368
0.016664519
0.001691298
-0.004131825
0.028986463
0.002356029
0.007052162
-0.006310999
0.009762158
0.011993878
0.040207121
0.013602454
0.013106683
0.023493716
0.008654145
-0.016457837
-0.005313766
-0.011622803
-0.002493998
0.009463000
0.038663907
0.038282435
0.002968177
-0.013647809
0.026750283
-0.011669934
-0.001927201
0.004402716
-0.009192474
0.002580039
0.017705613
0.014235597
0.006150432
0.019578359
0.020973265
-0.012026842
-0.007866368
0.023645113
0.006745021
0.033450073
0.032719393
0.000676226
0.021736073
0.018906536
0.026965210
0.027906142
0.043547672
0.000832954
0.038803047
0.009216014
0.010201736
0.033564863
0.004237306
0.000558005
0.014414247
0.042310698
0.023077914
0.036965601
0.027755808
0.044435576
-0.004804599
0.007975453
0.035152965
0.025697268
-0.005546536
0.029686988
0.028416046
0.016025183
-0.002510445
-0.008671679
0.000099009
-0.000753061
0.009424571
0.010750551
0.022902969
0.006501383
0.033154805
0.038279595
-0.012361998
-0.012190865
0.023655407
-0.001906815
0.029822605
-0.010701261
0.019051211
0.035072673
0.023334147
0.034929434
0.015829920
-0.002145661
0.012652018
0.011893961
0.044019470
-0.000889721
-0.005024240
0.030962888
0.010853486
0.035777712
0.011515098
0.019299443
0.017262107
-0.001446047
0.031694563
-0.006291615
-0.003510097
0.009063371
-0.011808115
0.043253112
0.034197206
0.006975323
-0.002082760
-0.005532571
0.018925644
-0.003009216
0.037422886
-0.001886872
0.030988288
-0.003530899
0.003680390
-0.008182298
0.009619966
-0.005471225
-0.005470392
0.005630114
0.037039128
0.025598875
0.016554963
0.015148295
0.011255915
0.016104966
0.007610846
0.007739898
0.034525354
0.026367405
-0.002683041
0.037330506
0.001238204
0.036400422
0.003607842
-0.011328746
-0.003964767
0.023690366
0.008155603
0.024290847
0.022934618
-0.004442932
0.003433985
0.014173152
0.036405535
-0.004645091
0.020137468
0.025065301
-0.007260692
0.030057662
0.013545415
0.024678430
0.013211090
0.038357923
-0.009144144
0.024617165
0.035464910
0.042292997
-0.003215729
0.019986309
-0.001191930
0.047606198
0.020884875
0.027887436
0.007789653
0.005889528
0.032264042
0.048998436
0.022228669
0.010823645
0.014120720
0.031536999
0.002320558
-0.013008847
0.016746420
-0.005890791
0.041975097
0.018972688
0.006329445
0.000114934
0.022464683
0.035111221
-0.003542775
0.036228149
-0.003992854
0.000404009
-0.011503436
0.035831020
-0.008264722
0.021078095
-0.009757668
0.008284927
0.028365007
0.019116896
0.024733466
0.034182835
-0.009439141
-0.014230139
0.046968620
0.027086302
0.007605195
-0.003718434
0.013389090
0.010177193
0.039287402
-0.018143827
0.015507162
0.002743559
0.020140488
0.043870597
0.038871351
0.032040818
-0.004303558
0.036006759
0.037115431
0.043622034
0.010806206
0.034925681
0.037511049
0.044346949
0.032974671
0.016820473
0.028646093
0.026693233
-0.001714890
0.021831093
0.043557817
0.005747863
0.003036603
0.039295296
0.003759953
0.013587880
0.037155011
0.014998242
0.037925306
0.032241091
-0.008010104
0.028437967
0.018679065
0.031638604
0.000619712
0.009117999
0.028854649
0.016595256
-0.001106819
0.002209951
0.010215297
0.038909387
-0.001813678
0.019564383
-0.004663046
0.023014381
0.011398039
0.036195857
0.029160976
-0.005666655
0.023729553
-0.006456178
-0.011743041
0.010012391
0.030062409
-0.004780968
-0.003587941
0.041874423
0.037955288
0.034781605
0.023544302
0.046247661
0.041334055
0.001979751
-0.008935615
0.036914728
0.009468101
0.027148000
-0.005154811
0.021647247
-0.012416393
0.001509057
-0.005488385
0.015487543
0.012570949
0.008245626
-0.004744734
0.037301796
0.019690051
-0.015979413
0.010024929
0.024710821
0.008014554
0.041400817
0.035142562
-0.012130068
0.024381731
0.020982015
0.019729121
0.039785238
0.001337691
0.008519390
0.027476760
0.028901121
-0.002701434
0.031209005
0.036451216
0.033091968
0.038784154
0.041645383
-0.000626187
0.007378909
0.017811938
0.022569829
0.017731989
0.031448149
0.036730649
0.028758347
-0.002304960
0.002217374
-0.002458441
0.037958007
-0.002067846
0.013743735
0.024917143
0.021731571
0.016412682
0.039268527
0.008125065
0.040715620
0.011922485
-0.006404739
0.004127539
0.027476638
-0.005446538
-0.007026026
-0.001693008
-0.014267983
0.006510027
0.025408287
0.013266056
0.023368881
0.023893718
0.002862260
0.009484433
0.017556667
-0.012514110
-0.000612401
0.041280247
0.046280595
0.019772017
0.028404648
0.005110082
-0.006833328
0.033115156
0.033343013
0.041579733
0.010925864
0.018414625
0.030564866
0.034186794
0.031239536
0.001806845
-0.011363814
0.008877954
0.005433409
0.016180901
0.031905024
-0.006688237
-0.009295370
0.002322401
0.029699856
-0.003299410
-0.004654366
0.001792792
0.031233906
0.027568268
0.032099046
-0.015096615
0.022252401
0.033518249
0.009143631
-0.008455012
0.029006480
0.008713089
-0.001084865
0.005694567
0.038551865
0.011452919
-0.000461629
0.010733142
0.011337838
0.000640345
0.000525051
0.033431105
0.041210599
0.014555702
-0.013726083
0.035948029
-0.009538260
0.000785864
0.003659666
0.011000223
0.022382357
0.032147564
0.007830860
0.014479142
-0.000176626
0.034429441
0.036748478
-0.011131050
0.039263797
0.038518880
-0.001755430
-0.002221415
0.007567142
-0.002141519
0.030790775
0.025606897
0.011237074
0.014288862
0.031797325
0.023801324
0.000554887
0.024255819
-0.002553098
0.033099580
-0.006704583
0.020812290
0.000911418
0.023882786
0.035439856
0.004159810
0.001875339
0.030285250
0.033151063
-0.011679170
0.012875134
0.034766151
0.027785751
0.008364751
-0.010986318
0.022904810
0.005275437
0.015410462
0.039790654
0.010224336
0.034726666
0.005584263
0.037300936
0.014725742
0.009303022
0.035143403
0.013427396
0.035888960
0.024609174
-0.011152256
0.033127399
0.021529011
0.045058265
-0.005790843
0.023199844
-0.006498940
0.015650985
-0.000047212
0.016477085
0.032264278
0.021509341
0.019239210
0.032232448
0.026283190
0.040795368
-0.003578909
0.039307512
0.035452509
0.014479432
0.003558212
0.029402558
-0.000276849
-0.008296297
0.030215958
0.022752823
0.028426639
0.004856350
0.041439827
0.042001459
0.010632178
0.013238901
0.003728563
0.015248386
0.032159510
0.036238222
0.026578119
0.013736394
0.013027180
0.006135419
0.041024039
0.031691230
0.012369758
0.001943513
-0.008002056
0.015569242
0.000465376
-0.002982497
-0.008063609
-0.003427502
0.015177479
0.026876327
0.009724816
0.030915276
-0.002997613
0.010322074
-0.017979806
-0.007333389
0.005967398
0.003526961
0.028253622
-0.003975686
0.027093381
0.005892482
0.003465252
0.006055835
0.028048346
0.036523714
0.023988393
0.017297745
0.000811997
0.001423808
0.023386283
0.022309607
-0.005468604
0.013617463
0.002727233
0.038177273
0.006761302
0.012599546
0.028470330
0.023257199
-0.001309094
-0.002775292
0.033909305
0.010583831
0.039523128
0.005746735
0.025901620
-0.013003834
0.032159240
0.025521931
0.019160435
-0.010058600
0.011429001
-0.003542818
0.008404794
0.000309660
0.016618792
-0.003397328
-0.003329619
0.002599816
0.030897393
0.027615147
0.010374549
0.021613890
0.007968056
0.039627979
0.025316023
-0.009231443
0.009620013
0.016022526
0.040128679
0.042264741
0.018703082
0.025907499
0.021644991
-0.005582396
0.006088631
-0.007009936
0.021475817
0.027401445
0.047567769
0.008411487
0.038655041
0.038775625
0.028913744
0.000317045
0.017375379
0.035247377
0.028186782
0.037737347
0.012620390
0.018971417
0.047801105
-0.011634552
0.022699922
0.036817411
0.017576590
0.008103545
0.021240089
-0.000497170
0.003098489
0.024799187
0.004649415
0.012079866
0.039231211
-0.002954969
0.028340230
0.007431782
0.028173996
-0.008735545
0.024084471
0.014444508
0.032652907
0.008842232
-0.010035367
-0.015845570
0.028785803
0.037944516
-0.001234097
0.018497912
0.026020232
0.033775713
0.043028900
0.026370318
0.027789588
0.030811726
0.021465378
0.037385644
0.026738833
-0.002294055
0.008995887
0.009914110
0.025279024
0.032326771
-0.010346326
0.025815916
0.017019325
0.035659483
0.029026328
0.027092954
0.013407372
0.044348236
0.010231053
0.002376738
-0.006263759
0.026221245
0.025890290
0.004355395
-0.000991523
-0.002832859
0.014245553
0.009164463
0.012617691
0.026823764
0.020746716
0.040656543
0.013800631
0.015649774
0.031324955
-0.001903498
0.010406846
0.037724956
-0.000406889
-0.013815821
0.013117061
0.011976802
-0.009096512
0.024041522
0.012820932
-0.008430478
0.024071076
-0.006536734
0.001785486
0.024619852
0.032831129
0.023585276
0.003858592
0.021365990
0.048589484
0.014715338
0.018426406
0.002368132
0.018293744
-0.006719352
-0.000226316
0.026422552
0.041258759
0.038009187
0.018887857
0.000140604
0.009658891
0.005916284
0.003162240
0.001296448
0.010133773
0.036840896
-0.009772836
0.029848967
0.034096739
0.044330994
0.013637889
0.027520040
0.019504774
0.040609586
-0.004524285
0.020801408
-0.008291519
0.034276665
-0.006150385
0.020793781
0.022733211
0.017408579
-0.002387313
0.036501687
0.030489759
0.037931569
0.030691894
-0.009637006
-0.002195436
0.047058728
0.002730600
0.025596933
-0.006944655
0.000810968
0.020504910
0.009873791
0.014282488
0.029801611
-0.009789151
0.018123906
-0.004132999
0.048752644
0.005257285
-0.002156100
0.004105392
0.000081368
0.002059725
0.019968524
0.005499561
0.013023688
0.013209496
0.030266162
0.000171146
-0.009011009
0.008088690
-0.012916486
0.005704271
0.004182502
0.012838874
0.028816171
-0.004593310
0.022670059
0.015315005
0.024473768
0.024707355
0.001061140
-0.013113212
0.015588946
-0.001670465
0.004286681
-0.001035015
0.020131210
0.000861302
-0.003244296
0.003421241
0.020731472
0.018327922
-0.007437341
0.020452683
-0.008673490
-0.004006261
0.011690721
0.023975187
0.002630652
0.000763694
0.028651501
0.021094507
0.005856683
0.014801404
0.002609359
0.023623057
0.025494580
0.010279959
-0.007293030
-0.005006643
0.030890596
0.001530848
0.026876152
-0.007030571
-0.001953202
0.027614125
-0.000124682
-0.010372372
0.012040147
-0.003716406
0.012481874
0.022696574
0.005847498
0.003328518
0.014907879
0.019721153
-0.012850880
0.001338759
-0.001211160
0.029804553
0.014825368
0.008732155
0.017914379
0.033348704
-0.008537183
0.007433417
0.000149299
0.010139000
-0.003226074
0.030276838
0.023804764
-0.000662239
0.006946444
0.033901014
0.012004991
0.006155205
0.012199081
0.005615558
0.003080730
-0.009267395
0.004787276
-0.007683310
0.004583462
0.044012592
0.040611189
-0.012844319
0.000343041
-0.008636021
0.008416929
0.001179268
0.040959597
0.023713033
0.016239053
0.027179528
0.024152380
0.040030050
-0.009991352
0.007418289
0.024343933
0.026923249
0.023461174
-0.005530279
-0.013342551
-0.010329754
0.007119908
0.015674524
0.037489840
-0.003226464
-0.001168957
0.019018211
-0.005140675
-0.003286916
-0.004155619
0.005568598
0.022187719
0.012620727
0.018870955
0.017062101
0.014584908
0.011655575
0.025919309
0.015328903
0.038000979
0.030849901
0.008715049
0.035524214
0.001599770
-0.004091809
0.008593593
-0.001906635
0.009186747
0.037608220
0.041575380
0.033542262
0.012792276
0.030591602
0.027148916
0.002557915
0.039091685
0.029311645
0.030237554
0.035703372
-0.005184257
0.033110425
0.006941651
0.005338970
0.002442647
0.005809186
0.012210766
0.015059650
0.028350193
0.041891441
-0.005973327
0.012346108
0.020671889
0.008674147
0.026506793
0.009961148
0.024660596
-0.006044930
0.020348241
0.010074974
-0.006877481
0.035434247
0.003788952
0.034860071
-0.003307539
0.004300525
0.040558479
-0.002699428
0.032844813
0.024603163
0.027728278
0.012615912
0.003839828
0.001394512
0.037799200
0.009651528
0.025442791
0.038341631
0.022816569
0.042221593
0.015453129
0.010989095
0.034052785
-0.004449797
0.010902952
0.033588365
0.015335162
0.043489532
0.005889562
0.000115770
0.027730947
0.007457971
-0.000138750
0.006532325
0.036842914
0.000315688
0.048693914
0.007884667
0.035436849
0.050267742
0.005122162
0.041650079
0.017053203
0.035797987
0.034538657
0.009117781
0.006278149
0.006606764
-0.010513460
-0.013905142
0.024675664
0.016886945
-0.011466694
0.008109558
-0.003816202
0.006157038
0.006242198
-0.002468844
0.004234503
-0.009500193
0.031874323
0.022586297
0.027937182
0.025259273
0.020813761
0.036566966
0.041515492
-0.010179191
0.032699421
0.005852430
0.032927274
-0.003163874
0.018395985
0.042634514
0.002878677
0.011847161
-0.002080663
-0.002109387
0.022676464
0.042254434
0.003851253
0.042135790
0.024875109
0.031575512
0.024522689
0.032357637
0.015989537
0.002380434
-0.013954415
0.000813959
0.021182296
0.010809249
-0.003757845
-0.009810030
0.008625305
0.040625986
0.041725766
0.013023452
-0.004902485
0.039127239
0.026005334
0.037225388
0.044153202
0.005286312
0.028227366
0.017694258
0.045597701
-0.009309492
0.001024929
0.003922631
0.012833994
0.030258937
0.009786180
0.016859928
0.029813339
-0.010565384
0.043012699
-0.001541952
-0.008621489
0.013050658
0.019002976
0.011945277
0.011397701
-0.012373779
0.030358126
0.041397827
0.020896284
0.023122346
-0.003531379
0.002781557
0.038214645
0.021533196
0.015348868
0.021077236
-0.011856013
0.029508232
0.025265102
-0.002078142
0.019680437
0.037073738
0.011820869
0.003257007
0.004000425
0.016554076
0.004282858
0.038462215
0.009804548
-0.012966593
0.009156593
0.009879263
0.019096608
0.035289278
0.015572493
0.035458762
0.001224345
0.016358466
0.013744301
0.027172968
0.032074200
0.022265525
-0.014747202
-0.013402946
-0.010342594
0.004481623
0.047262773
0.007759555
-0.009482345
0.025093199
0.030632109
0.004129025
0.025337686
-0.007423737
0.009396516
0.036695532
0.000058167
0.020331056
0.012945121
0.006579861
0.007408801
-0.001638042
0.013659705
0.021294828
0.003982341
0.015913744
0.005227686
0.044119069
-0.006055854
0.018467996
0.043070861
-0.004133254
0.027827960
0.001208477
0.034241874
0.022806119
0.007103641
-0.013867933
0.021860773
0.023344363
-0.002927835
0.010938378
0.024553524
-0.006407902
-0.012648937
0.010540899
0.026179463
-0.009913917
-0.009181385
0.026632767
0.038422510
0.002211008
0.037872109
0.010994304
0.008374634
0.036120459
0.017633212
0.010021202
-0.000651164
0.031033760
-0.007856559
0.003717635
0.036377451
0.005643046
0.009161101
0.008666467
0.007408497
0.007064592
0.003544259
-0.001536225
-0.006185936
-0.006961006
0.006740698
0.022366585
0.001382715
0.013322361
0.047211487
0.019384768
0.036532059
0.002537215
0.006435189
0.037060835
0.009279000
0.037565976
0.018758488
0.025671664
-0.011040824
-0.001104566
-0.003121601
0.025076325
0.022187740
-0.001311145
0.039047524
0.024450898
0.021297023
0.044871702
0.040023058
0.011847440
-0.004393849
0.000149246
-0.000346574
0.010585865
0.014719509
-0.000099768
0.009569317
0.005769220
0.031957596
-0.008858200
0.019009235
0.000539206
0.028307206
0.005497256
-0.000519386
0.017938803
0.025183067
0.019072800
0.019081631
0.007855055
0.035179875
0.001289989
0.016965564
-0.008486594
-0.004483554
0.041685407
0.024004933
-0.008540077
0.003287623
0.012672040
0.009264680
0.037343106
0.030830390
0.043029875
0.017247553
0.019645780
0.003292558
0.032644531
0.037645883
0.042029245
0.030416192
0.004713513
0.009236996
-0.007625189
-0.001213247
0.008788200
0.003416354
0.024868268
0.019516525
-0.010310400
0.001067535
-0.003612627
0.029027000
0.022335737
0.003035696
0.033163791
0.016287936
0.010174957
0.016625190
0.044584670
0.033149643
0.006186923
0.029405560
0.008187227
0.011538039
0.020235129
0.000028673
-0.003523510
0.000514376
0.044885761
0.021991245
-0.001412096
0.027083053
-0.003092457
0.010273951
0.030744089
0.033687617
0.016717646
0.024681701
0.001344994
0.005379187
-0.008963437
0.025394136
0.015921783
0.033176055
0.016927375
0.018813557
0.007774924
0.006583778
-0.004263808
0.020845823
-0.001743040
0.039122068
0.033111268
-0.005723972
0.035075484
-0.003514948
0.040755106
0.027117842
0.005607748
0.024413575
0.010321011
0.027962842
0.015092212
0.017307618
-0.006584250
0.015047422
0.025405445
-0.001614627
0.040840875
0.023112704
-0.004654116
0.008883259
-0.001146660
0.013762860
-0.000812983
-0.002856584
-0.006881421
0.015959918
0.036965267
0.007802650
0.039101680
0.032092296
0.016568137
-0.001178286
-0.013509095
-0.004134603
0.006700196
0.012283984
0.009183650
0.022454930
0.016693245
0.009021366
0.040156514
0.034596053
0.015626277
0.003004628
0.037625978
0.024492575
0.013688231
0.014538220
0.013137739
0.026212480
0.009636577
0.007133760
0.026874492
0.010692037
0.033058737
0.031363286
0.024018462
0.042902204
0.006902274
-0.001073458
0.012282975
0.038276546
0.021642345
0.022302838
0.028564760
0.026655012
-0.002623617
0.030576443
0.024210914
-0.000373353
0.004719274
0.025541749
-0.012015513
0.012046887
-0.001926251
0.033114434
0.022250343
0.036580921
0.015192718
0.035942931
0.034207552
-0.004555526
-0.005010141
0.040207682
0.023554855
-0.000039673
0.013515815
0.044527104
0.013230739
0.014344926
-0.000331971
0.013217770
0.037635510
0.009977149
0.001896010
0.016309965
-0.005738575
0.040990408
0.030884409
0.032537306
0.040381543
0.030563134
-0.002903812
0.000538904
0.019227459
0.034283550
-0.004433522
0.032512889
-0.012385770
0.041685871
0.032495015
0.044327885
0.002248763
0.025980334
0.030710968
0.029275367
-0.001216209
0.004856731
0.005335443
0.021827128
0.039417197
-0.007605313
0.034356174
0.001056996
-0.007097200
0.017114226
0.016374170
0.031907831
0.038355509
0.027550879
0.008441372
0.005719736
0.001771331
0.047944734
0.004188237
-0.009510482
0.003161947
0.042925628
0.035230475
0.018450608
-0.003514313
-0.014043739
0.014516500
0.031651327
-0.000834125
0.003675036
-0.003238712
0.045219668
0.005493799
0.010543402
0.020742478
0.017594038
0.013061716
0.032178841
-0.006229006
0.035088983
0.018150114
-0.013582517
0.013043911
0.016452906
0.037280180
0.009025220
0.005167267
0.011749613
0.031748525
0.005255992
-0.005988366
0.000915148
0.003372254
0.035267872
0.021182008
0.018479979
0.035829569
0.029095475
-0.002316722
0.026800538
0.040854892
-0.003870260
0.011368588
0.030350239
0.008411599
-0.005597283
0.042444996
0.032638296
-0.007773289
0.033746863
-0.000788417
-0.001276380
0.009050930
-0.012672933
-0.013060449
0.000776936
0.005557920
0.005342629
-0.007687655
0.026531026
0.021034451
-0.003926007
0.016786021
-0.001858881
0.043824508
0.041044274
-0.002146317
0.035870527
0.016126552
-0.003596616
0.009336214
0.004885385
0.030819938
0.017748269
-0.008126024
0.004570400
0.025263526
0.004362164
0.022889196
-0.008775550
0.012937883
-0.007810219
0.050350455
0.017433185
0.037124711
0.000905634
-0.003839372
0.017103402
0.024604113
0.029541450
-0.003977454
-0.010441029
0.018076857
0.016557768
-0.003833913
0.022300784
0.028070713
0.039898098
0.005751559
0.028951177
-0.003600515
0.037118904
0.040626575
0.013985236
0.019001902
0.011033336
-0.009140275
0.025005049
0.000461989
0.010529761
0.020370851
-0.013813319
0.010580916
0.011725335
0.039840313
0.021768330
0.003156361
0.029245987
0.035310982
0.044879547
0.041502250
0.040460651
0.020912329
-0.006324063
-0.011764312
0.002616804
0.021043357
-0.000967840
0.001574934
0.024187886
-0.005241273
0.031441766
0.022049335
0.018652450
0.048483000
0.022196921
-0.008835126
0.039800329
0.018515378
0.034572147
0.036513490
-0.010219203
0.013758520
0.021514568
-0.002802471
0.030526303
0.003055917
0.038939390
0.015195040
-0.007340115
-0.003995456
0.030947269
0.006916456
0.048958917
0.010212288
-0.015021806
0.008666137
-0.014188479
0.036268917
-0.008882494
0.027694258
0.022049310
-0.000556004
0.011964997
0.041368596
0.004674522
-0.008303812
0.018920846
0.002822882
0.036164239
0.034904730
0.017899691
-0.006142731
0.018903978
0.001418633
-0.015208583
0.030263640
0.026636309
-0.008987768
0.024380866
-0.004113506
0.019346549
0.014561356
0.015297601
-0.001612763
0.005835876
0.009616046
0.004185054
-0.007504880
0.018467412
-0.002535272
0.022873525
-0.008441876
0.027115832
-0.003470416
0.002956207
0.036283127
-0.007767595
-0.001496613
0.005491934
0.000563536
0.025634455
0.036325295
-0.004970505
0.016020217
0.016980191
0.013847364
-0.000895399
0.003932771
-0.007704196
0.039834887
-0.004939088
0.003036635
0.001113915
0.037245168
-0.003929246
0.000325120
0.011403782
-0.007145669
0.025748976
0.016129580
0.007011507
0.000145525
0.029707825
-0.009724571
0.033607354
0.006756312
0.018135892
0.030192187
0.009230451
-0.002174682
0.004583000
0.034989059
0.011807179
0.008602858
0.013382595
0.027931580
0.004531742
0.029866359
0.037178717
-0.009431190
-0.011102190
-0.003508456
0.016078705
-0.003909835
0.004097688
0.033991976
0.003641289
-0.008198767
0.007007916
-0.001910660
0.027062597
0.005625098
0.031498915
0.026674543
0.010823288
0.020719300
0.003154484
0.017304876
-0.008524955
0.013964171
0.028289792
0.034248191
0.018424605
0.011761517
0.033482231
-0.011043946
0.002208329
-0.003133893
-0.000622365
0.032898399
0.004782732
0.031521668
0.009480546
0.015424933
0.014902568
0.023530499
0.016273983
0.004359858
0.039426893
0.000075366
-0.007108903
0.045866071
0.022404967
0.017665125
0.020593733
0.017411830
0.006852148
0.010430239
0.012906626
0.041884197
0.031290664
0.014758533
0.026497504
-0.006356481
0.004107039
0.036198284
0.037001053
0.040545112
0.017463715
0.033753588
-0.007662621
0.046676026
0.006896175
0.014019431
0.038509999
-0.009565241
-0.002382142
0.023383857
0.011966652
0.000063038
-0.004990055
0.025977356
0.026478386
0.003567472
0.024800831
0.041647034
-0.009251685
0.009126397
0.037378079
0.043983683
0.029131246
0.030057239
0.008813439
0.038821658
0.038392050
0.013565355
-0.000841473
0.022696744
-0.000970266
-0.001828114
-0.006110112
-0.002794206
0.028181159
0.014015906
0.028292034
0.005139678
0.021961126
0.031740867
0.028808870
0.006498521
0.003997432
0.026361245
0.031158956
0.031888451
-0.007586449
0.035172971
0.002975971
0.005833616
-0.002090246
0.019582747
0.010303450
-0.008705518
0.011177028
0.038579715
-0.004164104
0.039973114
0.013432283
0.024117446
-0.011261400
0.000629550
0.009522362
0.009359800
0.025040098
0.004326631
0.022813523
0.036077643
0.022149498
0.018628337
0.002622759
0.017172320
0.019008537
0.031655985
0.003544806
0.024854300
0.039412903
0.023919035
0.028952330
-0.011896583
0.029045769
0.026979246
0.040652236
0.037013364
0.016002225
-0.002007028
0.044458153
0.021342399
0.031711478
0.002548286
0.017583635
0.036203871
0.019367573
0.031038157
0.002842090
0.006310552
0.037098409
0.008180455
0.008252830
0.025235798
-0.001848206
0.035795959
0.014977975
0.041226825
0.033326142
-0.001878319
-0.007105780
0.018031973
0.033920973
0.049442547
0.002971149
0.017898699
0.028684724
0.007891793
0.001637858
0.020755532
-0.008526476
-0.012143259
0.005670256
0.002707173
0.013108991
0.012261018
0.037587874
0.025668076
0.041172235
0.026826071
0.037742399
0.022121488
0.034584564
-0.005113333
-0.010080206
0.014636940
0.046311893
-0.002687845
0.020258067
0.014044996
0.034482551
-0.001349930
-0.001826407
0.012975127
0.001408170
-0.009869851
0.040895761
0.016064536
0.003846392
0.011548310
-0.011124594
0.012509988
0.036244689
-0.002601081
0.028486485
0.033521255
-0.002274157
0.039436309
0.004946596
0.003991580
-0.008667739
0.026270286
0.043015983
0.004157359
0.010113424
0.020324466
0.006700148
-0.013407244
0.038492806
0.000168840
0.019874759
0.003702529
0.038967091
0.026019506
0.038509510
0.021462265
0.027061250
-0.004276444
0.017921181
0.006202578
-0.008961808
0.025512312
0.018375087
0.012456620
0.043479809
0.001326629
-0.002095890
0.041252571
0.011078312
0.008715531
-0.001030987
0.028833538
0.018386424
0.000803095
0.034291889
0.038143790
-0.005767404
0.005815559
0.010224761
0.034936108
0.038192341
-0.007421270
0.034129310
0.036056584
0.046289690
-0.007822532
0.026885856
0.002912528
0.026404075
0.006217134
0.006909758
-0.003965278
0.038330930
0.013661309
0.046843479
0.018960818
0.016139422
0.011167246
0.023769254
0.023719367
-0.010766283
-0.009123948
0.026773224
0.023023015
0.011776844
0.030614667
-0.004152536
0.017047990
-0.007201344
0.024457091
0.022868679
-0.007163996
0.014496627
-0.006675809
0.031241488
0.029559663
0.034353875
-0.003992424
0.033538185
0.043923360
0.012220997
0.041770803
0.027454841
-0.011300239
0.000459431
0.013245215
0.033982176
0.006562646
0.009562168
0.041910732
0.039468338
-0.015991417
0.028299411
0.007913715
0.000603079
-0.008759686
-0.009727813
0.000179096
