Meas, V1, V2, V3, V4
0, 0.003934507, 0.021520912, 0.029069584, 0.015286464
1, 0.027035015, -0.004427307, 0.017873330, -0.019365433
2, -0.003174244, 0.009500442, 0.013323017, -0.011857860
3, -0.017652247, -0.023567347, 0.014966268, -0.023967899
4, 0.002191588, 0.000555947, 0.010127517, -0.022378328
5, 0.012222247, -0.016171039, -0.008696400, -0.006268853
6, -0.024023194, -0.005090355, 0.006829485, 0.002240195
7, 0.005612215, 0.019028272, -0.011341120, 0.023210570
8, -0.005242840, -0.016447145, 0.014926695, 0.025245859
9, 0.013283233, -0.010869630, -0.001194848, -0.022691938
10, -0.028747256, 0.007724937, 0.009265815, 0.014275834
11, 0.018959566, -0.017825956, 0.003750069, -0.020967225
12, -0.025073597, 0.003709649, 0.026507246, 0.004574419
13, -0.000989700, -0.023445751, 0.017477779, 0.026659518
14, -0.001049320, 0.004547739, 0.027089169, 0.003147750
15, -0.014037537, -0.016698349, -0.020280009, -0.005150483
16, -0.013643186, -0.007323102, -0.022504743, -0.020313378
17, 0.020439143, 0.020888165, 0.017455990, 0.005497863
18, -0.005920705, -0.005819063, 0.023639354, 0.022766414
19, -0.014091752, 0.001706214, -0.011515188, -0.010149222
20, -0.003116893, 0.002810365, 0.001630923, 0.029772963
21, 0.028355148, 0.028438801, 0.024010237, -0.001911682
22, -0.006067271, 0.002171560, -0.013001862, -0.014154612
23, -0.011341583, -0.008084088, 0.030846035, 0.007411982
24, 0.023833353, 0.009882323, 0.003093724, 0.028816180
25, 0.010981387, 0.020016702, -0.002093116, -0.011091438
26, 0.024152375, 0.008672234, -0.011707112, -0.014761283
27, -0.025619017, 0.006200872, 0.006516216, 0.005973746
28, -0.017304407, -0.026992951, 0.026116397, -0.002529698
29, 0.015943026, -0.012554866, 0.030306988, 0.008931890
30, 0.018202653, -0.019861582, 0.002994726, 0.007253784
31, -0.026974143, -0.001028942, 0.022234619, -0.009163020
32, 0.009563311, -0.008787360, -0.021142212, -0.024035312
33, 0.019150841, 0.013796016, -0.006760041, -0.008755879
34, -0.021757389, -0.000763615, 0.012804287, 0.021689649
35, 0.018575976, -0.019349331, -0.020212048, 0.025015859
36, 0.023638995, -0.000650961, -0.005476432, 0.016475346
37, -0.006712272, -0.005262490, -0.012750740, -0.010631880
38, -0.010371386, -0.001828267, -0.009592166, -0.021459670
39, -0.023029742, 0.024964158, 0.009293666, 0.029538839
40, 0.014555328, -0.003655143, 0.014490848, -0.011659319
41, 0.004995531, 0.012466075, -0.001484808, -0.006845576
42, -0.018274630, 0.023449988, 0.026455059, 0.020745900
43, -0.007254140, 0.025266356, -0.022151516, 0.003720200
44, 0.020299844, -0.004188647, 0.030726878, 0.023633185
45, -0.023203235, -0.018972983, 0.020068286, -0.006007388
46, 0.001317647, 0.012238020, -0.023762399, 0.029135512
47, 0.016604857, 0.006748885, 0.009600356, 0.019940882
48, -0.008553823, 0.024211334, 0.008698447, 0.024488155
49, -0.010435619, -0.032208971, -0.010338358, 0.014054143
50, -0.005431878, -0.018727094, 0.012085477, -0.001611215
51, 0.023755385, -0.023165371, 0.025084232, 0.009636301
52, 0.022374011, 0.021363240, 0.018256797, -0.017942808
53, -0.015727934, 0.006459024, 0.015256187, -0.004631557
54, -0.004178522, -0.014529862, -0.005671928, 0.007349774
55, -0.012222377, -0.017916563, 0.026366243, 0.014999727
56, 0.015505274, 0.002480011, -0.004645528, -0.009484164
57, 0.004317169, -0.004779968, 0.005399166, -0.017520410
58, -0.009026969, 0.021367282, 0.019519720, -0.018349882
59, -0.023342054, -0.019795684, -0.019506698, 0.021847898
60, -0.007274462, -0.007193717, 0.002588893, -0.019971466
61, 0.025815939, -0.024320805, -0.021619147, 0.008137579
62, -0.009470837, -0.002014588, -0.023055426, -0.009906426
63, 0.013235016, 0.013230422, -0.011096219, -0.021554014
64, 0.011458456, -0.008874183, 0.024540731, -0.024557469
65, -0.017159489, 0.002470102, 0.029635658, -0.012193261
66, -0.015331650, -0.008818112, 0.005170335, 0.023573749
67, -0.020234379, 0.003369680, -0.011084723, 0.023703264
68, -0.004334420, 0.008246135, -0.005728810, 0.014565444
69, -0.016408913, -0.022412344, 0.019879858, 0.027727426
70, 0.004782678, 0.022561343, -0.013357904, -0.019708474
71, -0.001404875, -0.020962300, 0.016209425, 0.013969460
72, -0.004740918, 0.006437053, -0.002665105, -0.024376562
73, 0.002119289, 0.012103851, -0.003770801, -0.019692216
74, -0.023540811, -0.006638898, -0.006195749, 0.009149481
75, -0.008946672, 0.013721838, -0.020011589, 0.016649474
76, -0.018658118, -0.007779870, -0.009977112, 0.008450919
77, -0.022561558, -0.022979332, 0.018631282, 0.029946403
78, 0.016060528, 0.020380640, 0.025111355, 0.004455022
79, 0.015237187, -0.000123140, 0.009472125, 0.007486322
80, -0.000115364, 0.010533417, 0.022173972, -0.006128158
81, 0.010862129, -0.015571391, 0.019245379, -0.004059158
82, -0.019309406, -0.024676863, 0.016756073, -0.024718076
83, 0.002269519, 0.001378392, -0.009203824, 0.015640114
84, -0.014661094, -0.000683538, -0.002488907, 0.010517032
85, 0.013436449, 0.015630939, -0.008111355, -0.019438618
86, 0.019554279, -0.016632689, 0.003508447, -0.004086302
87, 0.017408244, -0.013678087, -0.022196408, 0.010838296
88, 0.018922222, -0.015500460, -0.022909802, 0.006532603
89, -0.017839338, 0.011385317, 0.005939028, 0.021673659
90, 0.007392104, -0.024826547, 0.026723378, 0.005017281
91, 0.028235054, 0.008602327, 0.018896416, 0.025156060
92, -0.017207886, -0.026959663, 0.013288706, -0.028819641
93, -0.019396089, -0.000979593, 0.004020959, -0.008571257
94, -0.023369622, -0.003915785, -0.008878813, -0.009737432
95, -0.010830698, -0.006267734, -0.018317146, -0.025438412
96, -0.028144909, -0.000721084, -0.019176478, 0.022847287
97, 0.014572686, -0.015631436, -0.025176539, 0.000934808
98, 0.011779291, 0.006828256, -0.007352978, -0.020594471
99, 0.018575195, 0.010317785, 0.025641287, -0.017520998
100, 0.005571368, -0.027808438, 0.021229098, 0.030497389
101, -0.000017808, -0.010343236, -0.012609422, -0.021849391
102, -0.012723675, -0.000826635, 0.022690529, -0.017487075
103, 0.007401743, 0.013521905, -0.011090335, 0.024959905
104, -0.016124032, 0.009490516, 0.014687202, -0.015507672
105, 0.024010859, 0.021379462, 0.023355197, -0.013240585
106, -0.005909476, -0.011090873, 0.028416441, -0.012721299
107, -0.032281420, -0.030744524, 0.021698688, -0.008888952
108, -0.013003979, -0.007299315, 0.027574178, -0.000095056
109, -0.013314108, 0.013567075, 0.001882038, -0.012901382
110, 0.011114238, 0.010790033, 0.012295754, -0.016650969
111, 0.004984828, 0.010053554, -0.003016950, -0.019761583
112, 0.008073467, 0.005442703, -0.018371008, -0.016180081
113, 0.025803968, 0.009201840, -0.011831296, 0.005946736
114, 0.016914248, 0.024068140, 0.027157112, 0.025721655
115, -0.009734231, 0.002198011, -0.015508035, 0.027298174
116, 0.013258817, 0.016759712, 0.011872294, -0.014280395
117, -0.024548770, -0.014269184, 0.031803835, 0.011155481
118, -0.017125145, -0.016865365, 0.009300782, -0.023464107
119, 0.015656249, 0.012593689, 0.017557393, -0.002726636
120, -0.014294086, -0.014691857, 0.008309598, -0.018379568
121, -0.002270651, 0.025787389, 0.028950742, 0.007652886
122, 0.004299147, 0.025333364, -0.020526419, 0.011205181
123, -0.028782722, -0.010930442, 0.007488468, -0.021603291
124, 0.006195087, 0.007274560, -0.010461494, -0.012793618
125, 0.019622200, -0.009782727, -0.014345907, 0.020139062
126, -0.006747225, 0.014282002, 0.024800907, -0.012381904
127, 0.002736141, -0.006115751, 0.002404795, 0.000376528
128, -0.001741917, -0.017885391, 0.009475585, 0.007391330
129, 0.024677881, 0.004843499, -0.008920882, 0.002345693
130, 0.008427043, -0.005087628, 0.017262261, 0.010722444
131, 0.000472499, -0.001623760, 0.027935929, 0.019677212
132, -0.020729619, 0.023074148, 0.032227340, -0.025539721
133, -0.017163140, -0.022853742, 0.004150078, -0.000624145
134, -0.025425165, 0.014328689, -0.000820967, 0.028891958
135, 0.002478216, 0.025875247, -0.017968341, -0.015862097
136, 0.004507660, -0.020349461, -0.024465541, -0.020103997
137, -0.000693114, 0.023441759, 0.009167139, -0.005352239
138, 0.002033539, 0.002358350, -0.007136845, -0.005293735
139, 0.005508197, 0.011218992, -0.021759679, 0.027645389
140, -0.023127058, -0.005412618, -0.022464676, 0.005630410
141, 0.022892503, -0.017598202, 0.021546022, 0.024626161
142, -0.024056961, 0.017850756, -0.007797422, -0.013088249
143, -0.010795015, -0.004290904, -0.017515690, -0.006589261
144, -0.005050922, -0.031723602, -0.013328971, -0.005213981
145, 0.000658509, -0.009544735, 0.017984561, -0.003009412
146, 0.017781583, -0.022786680, 0.027552839, 0.019303917
147, 0.001558702, -0.011912395, -0.007341732, 0.013634779
148, 0.008742350, 0.022707861, -0.002781344, -0.019839617
149, -0.010335255, -0.006669669, -0.000170502, 0.021932566
150, -0.007104671, 0.007179144, -0.003647580, 0.015417913
151, -0.014287632, -0.000997134, 0.000636513, 0.018451921
152, 0.005741336, 0.018313269, 0.024327134, -0.002878855
153, -0.024847563, 0.011339388, -0.012483367, 0.031373858
154, 0.008132811, -0.005229333, -0.012919692, 0.023085586
155, 0.018388452, 0.008091644, 0.005958379, 0.005846804
156, -0.004786413, -0.011570595, -0.010693394, 0.016749874
157, 0.002101284, -0.009556284, 0.012889354, -0.009567829
158, 0.017608598, -0.020944644, -0.024418841, -0.016251856
159, 0.016300849, -0.033077165, -0.023324716, 0.000760446
160, -0.016057184, 0.014063573, 0.016924086, 0.007022867
161, -0.004615603, 0.016340437, -0.015203593, -0.006173560
162, -0.022877474, -0.027620937, 0.020164622, 0.013538321
163, -0.020282839, -0.019451751, 0.005175325, -0.009443066
164, -0.002556119, -0.004485360, 0.012748877, 0.026483063
165, -0.005920437, 0.018476246, 0.017776361, -0.006846520
166, 0.017296829, -0.007509019, -0.019336499, 0.023233922
167, 0.013185619, -0.023975271, -0.013804874, 0.014683864
168, -0.004811380, 0.011151036, -0.012926625, 0.015292768
169, 0.014700536, 0.019347613, -0.016911152, -0.010959283
170, 0.023749694, 0.029926420, -0.018550112, 0.028103707
171, 0.026699063, 0.013039903, -0.021982534, -0.010804307
172, 0.007629163, 0.027276692, 0.022391882, -0.008837769
173, 0.013021720, 0.007580271, -0.013147894, 0.011388863
174, -0.008671873, 0.010124595, -0.018774785, 0.022178756
175, -0.022100841, -0.014676151, 0.022792318, 0.004005714
176, -0.025403811, 0.020395272, 0.027644905, -0.021908687
177, 0.017534039, -0.006799141, 0.011268164, 0.022607387
178, 0.002243704, 0.006863858, -0.012672783, -0.000209322
179, -0.016061043, 0.019593519, -0.013319035, -0.023472523
180, 0.012243593, 0.022806811, 0.003896565, -0.026575404
181, -0.018194397, 0.020412788, 0.005201465, 0.025690724
182, -0.018472840, 0.016326152, -0.022779853, 0.002565317
183, -0.022688440, -0.013228199, 0.029769127, -0.018587330
184, 0.002881681, 0.010772646, -0.023923187, -0.016567761
185, -0.022842199, 0.023813819, -0.025105954, -0.011098184
186, 0.017196580, -0.024311063, -0.004218809, 0.005215368
187, 0.010589718, 0.000417062, -0.018367289, 0.005814690
188, -0.006458423, -0.003694370, -0.021821450, -0.019612323
189, -0.018162499, -0.015252325, 0.020786747, 0.031973118
190, 0.004785852, -0.001646192, 0.011013198, -0.024697034
191, -0.017194275, -0.011059798, -0.006391029, 0.022323588
192, 0.020008505, 0.003985157, -0.009707151, 0.013993556
193, 0.023505798, 0.015001147, 0.002075616, 0.009190711
194, -0.004271279, -0.003688352, -0.004151592, 0.017590209
195, -0.017942510, 0.026758270, 0.015164014, -0.023023069
196, -0.009574495, 0.018987360, 0.028015667, 0.015338510
197, 0.026105281, -0.006545466, 0.002337605, 0.004654823
198, 0.002661204, -0.027749817, -0.020872721, 0.003601071
199, 0.018803100, 0.001156792, 0.023891655, -0.024504491
200, 0.021175275, 0.003229753, -0.013702276, -0.018574210
201, -0.023981545, -0.000382317, -0.000628096, -0.011819039
202, -0.024045396, 0.004619385, 0.010261826, 0.003641951
203, -0.013739981, 0.023395151, 0.005820684, -0.015331729
204, -0.023793179, 0.011317235, -0.015958271, 0.004401708
205, -0.019580552, -0.016968138, -0.015887262, 0.013519359
206, -0.010529960, 0.024144821, 0.005594505, 0.020466799
207, -0.020667886, 0.024962292, -0.006417579, 0.017128518
208, 0.008157251, 0.009227622, 0.010918763, 0.015675182
209, -0.022710732, -0.028701560, 0.009484525, -0.021114392
210, 0.021464715, 0.013477817, -0.008934043, 0.001046739
211, -0.005152468, -0.020729699, -0.008454909, -0.001362100
212, 0.016841978, -0.015218382, 0.017686156, 0.005790803
213, 0.012028719, -0.030832202, -0.005714613, -0.021766064
214, 0.004518257, 0.023118796, -0.000971898, 0.000904765
215, 0.022955603, 0.018131275, 0.017687514, 0.025104040
216, 0.025774074, 0.007336448, -0.011497962, -0.018416575
217, 0.006364772, 0.022783436, 0.023119540, 0.017132988
218, -0.001714873, 0.007965254, -0.016398749, -0.021407810
219, -0.008713755, 0.021995906, 0.017243259, -0.009983365
220, 0.008132898, -0.025500096, 0.007979238, -0.012600027
221, -0.025635771, -0.002447169, -0.012602255, 0.002679748
222, -0.027982529, 0.027750493, 0.000711743, -0.014296419
223, 0.006591522, -0.000972285, 0.019222104, -0.003646805
224, -0.012525384, -0.015815834, -0.006547298, -0.021054350
225, 0.009223501, 0.023281884, -0.017563638, -0.006238743
226, -0.013263857, 0.029083186, -0.004677814, -0.017622672
227, -0.014857965, -0.003466589, -0.007848405, 0.008421842
228, -0.007623139, -0.015880788, 0.001464783, -0.019515634
229, -0.003536657, -0.011254448, -0.011728844, 0.000685725
230, 0.004671251, 0.012944142, 0.020473280, 0.028505145
231, -0.020429089, 0.009045577, -0.014051640, -0.006616657
232, 0.016333989, 0.011031258, -0.008284989, -0.013289101
233, -0.005120089, 0.016878233, -0.012902414, -0.020119329
234, -0.010319407, 0.003108685, 0.016460047, -0.005007212
235, 0.021628760, -0.011271321, 0.020781977, -0.003470162
236, 0.013638973, 0.018131553, -0.009152859, 0.024830986
237, -0.021121273, 0.007142535, 0.025803074, 0.008470094
238, 0.008957773, 0.008155059, 0.030283230, -0.004695828
239, -0.018004833, 0.015871220, 0.011969388, 0.007076479
240, 0.017255229, -0.023999274, -0.012508561, -0.006355595
241, 0.015975475, 0.010007733, -0.000420761, 0.011931893
242, 0.019945626, 0.004450485, -0.018780801, 0.013667088
243, 0.026672295, 0.014251317, 0.012202715, -0.020266733
244, -0.024502671, -0.010314102, -0.007584558, 0.027799490
245, 0.014514022, 0.025226191, 0.020462149, 0.003692849
246, -0.026489685, -0.008423980, -0.022031783, 0.010021942
247, -0.009288881, -0.012766895, -0.011540174, 0.019857141
248, 0.009291136, -0.012848094, 0.004703622, 0.001933885
249, 0.027916475, 0.025976650, 0.013847672, -0.005394007
250, -0.007760013, -0.021081552, 0.002366044, -0.014503606
251, -0.001229468, 0.012585638, 0.018944560, 0.004019185
252, -0.018015715, 0.029155071, -0.017609140, -0.006629398
253, -0.016206677, -0.004253639, 0.028238720, 0.011892903
254, 0.023760538, 0.023709587, 0.006728965, 0.012053915
255, -0.007268052, -0.019300254, 0.000484197, -0.015739426
256, -0.000632038, 0.001235268, 0.005056749, -0.010982295
257, -0.004762918, -0.015982104, -0.023769659, -0.005244752
258, 0.003540761, 0.020376922, 0.000457868, 0.003504351
259, 0.018157707, 0.006160897, 0.018983591, 0.022329364
260, 0.011440307, -0.011785674, -0.011117355, -0.019848439
261, -0.011676015, 0.000820112, -0.020086711, 0.027520330
262, -0.019910866, 0.011007875, -0.014030025, -0.010374459
263, -0.019622616, 0.026565915, -0.001850924, 0.009398798
264, 0.018122994, 0.019497197, -0.019265127, 0.008170527
265, -0.018246287, -0.030046491, 0.020095664, -0.008544076
266, 0.020557053, 0.004000001, -0.000177392, -0.001462297
267, -0.014433331, 0.014642799, -0.016593927, 0.000107501
268, 0.017605511, 0.017403834, 0.024405711, -0.015999455
269, 0.006247738, 0.023337881, 0.025635580, -0.021272110
270, -0.018977743, 0.000061182, -0.019453708, -0.001690402
271, 0.027055399, -0.024100497, -0.008481392, -0.020640428
272, 0.025908730, 0.012273863, 0.023505216, 0.023454328
273, -0.020610534, 0.008647435, -0.002275877, -0.028096044
274, 0.012970008, 0.018079641, 0.026190895, 0.026469605
275, 0.022884608, 0.000296888, 0.013666770, -0.003381300
276, 0.005325320, 0.001149432, 0.009024719, -0.003564622
277, -0.014511108, -0.000014902, -0.000606773, -0.012830289
278, -0.003274181, -0.024648509, 0.010022930, 0.006371063
279, -0.010614386, 0.017529469, -0.015597551, 0.019610701
280, -0.011263827, -0.011043076, 0.023122138, 0.003713771
281, -0.013490817, -0.013829837, 0.025774768, -0.006160086
282, -0.015628839, 0.016138452, 0.014008335, 0.021788454
283, -0.004773519, -0.007396447, 0.012408550, -0.005759171
284, -0.015699232, 0.021802618, -0.024768327, 0.001403204
285, -0.003304029, 0.003152127, 0.000152018, 0.002570668
286, -0.010132005, 0.003443152, -0.005589675, 0.003576221
287, -0.000414289, 0.028067555, 0.006595378, -0.003672401
288, -0.013921018, 0.002134775, -0.025113796, 0.026397184
289, -0.007736768, 0.018536082, 0.011700248, 0.013922895
290, 0.018125076, -0.023747434, 0.020893783, -0.020962325
291, 0.020390311, -0.021422975, 0.022291346, -0.002259335
292, -0.023238777, -0.022792534, 0.004698302, 0.001763129
293, -0.015702983, 0.021965845, -0.003050753, -0.006877878
294, -0.021204927, -0.030725143, -0.001932083, -0.018416062
295, -0.025448081, -0.026867743, 0.022305906, 0.020307157
296, 0.007890784, 0.001860709, -0.025670020, 0.013194193
297, 0.016381797, 0.018022910, -0.006300649, 0.001203398
298, 0.022348312, -0.020050105, 0.003641540, 0.018468766
299, 0.001402609, -0.003018321, -0.013013265, 0.024151033
300, 0.016678435, -0.013606041, -0.012972206, -0.022770544
301, -0.009640365, 0.022430921, 0.002693306, 0.016301013
302, -0.009737744, 0.010082683, 0.025933491, 0.023216237
303, -0.019026957, -0.002430175, -0.001207201, 0.010011993
304, 0.001155376, -0.029738752, -0.003264378, 0.030593557
305, -0.012357811, 0.006116840, -0.017691284, -0.017574101
306, 0.019535279, -0.025455501, 0.020304205, 0.007970030
307, -0.005213049, 0.009291444, -0.021500744, -0.006760430
308, 0.022385377, 0.006402667, -0.015872592, -0.014703919
309, -0.020094238, -0.011257774, -0.022461700, -0.019373987
310, -0.005158309, 0.020948399, -0.019013423, -0.015846816
311, 0.015326814, -0.018890949, -0.015786147, -0.003796835
312, -0.026699667, -0.006624112, 0.018422567, -0.017129999
313, -0.000084288, -0.020169451, 0.026787499, -0.024816391
314, 0.013878945, -0.005066612, 0.014033151, 0.017238965
315, 0.012470107, -0.006031421, -0.001905932, -0.006192567
316, -0.019537131, 0.010486861, -0.011125746, 0.008374225
317, 0.010443078, 0.012186364, -0.022342750, 0.021557733
318, 0.023753945, -0.006706288, -0.005018097, 0.010336114
319, 0.022819549, -0.009475015, 0.024771187, 0.017219749
320, 0.012603800, 0.017465724, 0.005378093, 0.028816769
321, 0.010301566, 0.009736422, 0.021364939, -0.004075258
322, -0.001272563, 0.021759347, 0.014387384, 0.022957300
323, 0.012981109, -0.006481251, 0.005900388, 0.026321455
324, -0.010135267, 0.003058874, -0.015458537, 0.018415282
325, -0.007965225, 0.010811047, 0.029369799, 0.018912980
326, 0.002043354, 0.000648541, 0.014346617, 0.018527075
327, 0.006162815, 0.011573591, -0.002117866, -0.002238449
328, 0.001747726, 0.020386214, 0.016823167, 0.028492353
329, 0.026796282, 0.025882745, 0.009102497, 0.000335854
330, -0.015948223, -0.008853612, -0.010600323, -0.016630821
331, 0.020455019, -0.023779741, 0.001918780, -0.003341608
332, -0.012118200, 0.024584569, -0.011043346, -0.015558220
333, -0.019616956, -0.016685547, -0.025418355, 0.003302695
334, -0.023061008, -0.025585691, 0.012891989, 0.024104982
335, -0.003327805, 0.019452718, 0.019251138, -0.023328817
336, 0.015232817, 0.021097756, 0.013650721, -0.014361948
337, -0.002687203, -0.002426857, 0.012524473, 0.028074841
338, 0.019798710, 0.012465612, 0.016058861, 0.026828961
339, -0.020507066, -0.021400941, -0.018116539, -0.010109050
340, -0.002489427, 0.000648427, 0.001358418, 0.001239630
341, -0.003165498, -0.014358358, -0.016465354, -0.006901396
342, 0.011980709, -0.023077254, -0.010449328, -0.022819911
343, 0.001368021, 0.006210767, -0.016674231, 0.018134249
344, -0.026322027, -0.003720668, 0.017834367, 0.008013429
345, 0.016554336, 0.019985290, 0.020716790, -0.018452718
346, -0.010534612, 0.012888927, 0.027820212, 0.021241003
347, -0.006822062, -0.003770321, 0.021623790, -0.012869026
348, 0.001359608, -0.024045039, 0.023195018, -0.007234217
349, 0.005529273, 0.019402030, 0.005616183, -0.023019037
350, -0.020728631, 0.010558003, -0.020388966, -0.008468346
351, 0.001169543, 0.017504726, 0.000621573, 0.004939154
352, 0.026501295, 0.024767437, -0.005122855, -0.003545564
353, -0.002915257, 0.021307131, -0.026823745, 0.013209962
354, 0.004733993, -0.002947619, 0.026225827, -0.021333245
355, -0.013399810, -0.018160551, 0.013716126, 0.019705799
356, 0.022804383, -0.011734431, -0.022187573, -0.019834821
357, 0.008856985, -0.014188379, 0.024054668, -0.018578631
358, 0.012375640, -0.010267314, 0.018044407, -0.019010417
359, -0.025158603, -0.011643111, 0.014399258, -0.018186964
360, 0.004247303, 0.002967729, 0.010460720, 0.006264990
361, 0.021272235, -0.028004105, 0.009082851, 0.002044130
362, -0.005886766, 0.007574379, -0.024572462, 0.007894672
363, 0.002990137, 0.020056649, -0.013858428, 0.009842295
364, 0.019725831, -0.000494913, -0.002562363, 0.006236491
365, 0.008109271, -0.020077912, -0.016268259, 0.018386862
366, 0.017883530, -0.017777147, -0.006445216, 0.027520693
367, 0.025858029, -0.025558101, 0.027642671, 0.006145558
368, -0.012051440, -0.021753495, 0.002035891, -0.023180543
369, 0.010156700, 0.002020910, 0.027890691, 0.009311264
370, -0.017139091, 0.011522024, 0.031928616, 0.017808065
371, 0.018795622, 0.021611895, 0.023888944, -0.015165761
372, 0.019835036, 0.004284551, -0.002226547, 0.007985508
373, 0.009416019, -0.020147448, -0.000781490, -0.027024780
374, -0.002544526, -0.013291254, -0.015004158, -0.007728546
375, 0.014115327, -0.009548560, -0.013182121, -0.014427545
376, -0.015839463, -0.002992492, -0.008062203, -0.020858869
377, -0.026842377, 0.005591160, -0.009509700, 0.001452823
378, 0.014764355, -0.013905796, -0.008295327, 0.004207903
379, 0.006403989, -0.004969779, -0.009714362, 0.025416794
380, -0.033982167, -0.021341107, -0.026057310, 0.002233886
381, -0.001144892, 0.017289249, 0.018307812, -0.004351515
382, 0.019887806, 0.006608908, 0.028337056, 0.007694178
383, 0.015853647, 0.013423192, 0.003732238, -0.015140896
384, -0.032554611, -0.016997767, 0.029957452, 0.022570892
385, 0.004355475, -0.021256725, -0.003923700, 0.004514908
386, 0.020489027, -0.025545379, -0.008496777, 0.005210636
387, -0.011024541, 0.011650378, 0.008505422, -0.010322838
388, -0.015105208, 0.023871059, -0.019871443, -0.007043153
389, -0.006082425, -0.012262207, -0.002165611, 0.002784135
390, 0.018696767, -0.002022921, 0.008174458, 0.028857386
391, 0.019314408, -0.018038735, 0.028928349, 0.023912818
392, -0.023182015, 0.024615727, 0.004542830, 0.008490771
393, 0.013504745, -0.022761656, 0.020425461, 0.014596703
394, -0.010219126, 0.002763389, -0.003908593, 0.011351408
395, 0.010451838, -0.013864238, -0.009719887, 0.023198607
396, -0.002992773, 0.015925318, 0.022967392, -0.013444966
397, 0.000192719, 0.023974082, 0.016057163, 0.007189219
398, 0.026883899, -0.024072463, 0.025187895, -0.009257786
399, 0.008965219, 0.008735066, -0.002509046, -0.007258838
400, -0.029019768, 0.002978481, 0.015652705, 0.021293062
401, 0.011498540, 0.022717600, -0.002158632, 0.020307650
402, 0.026734085, 0.027232239, 0.009448550, -0.010307084
403, 0.008741505, 0.004925215, 0.030363711, 0.025873719
404, 0.009411579, 0.015739318, 0.017515151, -0.014187270
405, -0.021929629, 0.009368860, 0.007538578, 0.024215222
406, -0.005925631, 0.025988955, -0.013990487, -0.010413681
407, 0.028274645, 0.008709918, 0.023678558, 0.008815696
408, 0.012978259, 0.004373785, -0.026173553, -0.007001628
409, 0.019420663, 0.018605598, -0.018238374, 0.009272056
410, 0.029212370, -0.023234006, -0.003206678, 0.022879664
411, 0.009437421, 0.008895882, 0.029159145, -0.008849509
412, -0.000336127, -0.026005619, -0.003096167, 0.018540597
413, 0.006942137, 0.023317577, 0.014465306, -0.017516001
414, -0.006749686, 0.002924513, -0.003395334, -0.008863295
415, -0.026006278, -0.019107692, 0.024772283, 0.016242529
416, 0.005429472, 0.009189875, -0.026162024, 0.010943702
417, 0.028523575, 0.013106963, -0.008472160, -0.009054636
418, -0.018578085, 0.013344457, -0.026621862, 0.028554224
419, 0.007091306, 0.015391065, -0.021016402, -0.021592379
420, 0.022128667, 0.016868947, 0.014375743, 0.005778304
421, -0.025051294, 0.009304982, -0.013177266, -0.013174771
422, -0.019176560, -0.019997287, -0.019371092, -0.001589985
423, -0.018059849, -0.020143259, 0.015086932, -0.011845233
424, -0.020631445, -0.028796784, -0.003197241, 0.001564224
425, -0.024552471, 0.023689533, 0.015643506, 0.014729369
426, 0.011924439, -0.004222838, 0.022643716, 0.024455343
427, -0.006077217, 0.026307373, 0.025016274, -0.008850932
428, -0.008485492, 0.022832222, 0.032123614, 0.026940626
429, -0.023613805, -0.012542411, 0.004732908, 0.012223010
430, -0.027779933, -0.006568947, 0.000007191, 0.017165469
431, 0.023041544, 0.019685512, -0.018042245, -0.011582719
432, 0.018193885, -0.013239609, -0.003378041, 0.018933518
433, 0.018345646, -0.010831095, -0.014799133, -0.005789806
434, 0.006549818, 0.023567714, 0.013879458, -0.013560847
435, -0.020059648, 0.005812954, -0.009012126, -0.006154270
436, -0.005692413, 0.005332770, -0.003793918, -0.028938504
437, 0.015086944, -0.010480783, -0.024717512, 0.011029890
438, -0.003378531, -0.002467689, -0.010714792, 0.018021468
439, -0.026454840, 0.007160600, 0.012409328, 0.021469058
440, -0.023782935, 0.015136369, 0.024253634, 0.022388531
441, 0.008086446, -0.021373128, -0.002036136, 0.021961991
442, 0.011804567, -0.032595845, -0.010176110, 0.005728287
443, -0.026419437, -0.014385262, 0.014206768, -0.009443554
444, 0.008602306, 0.008444323, -0.014526955, -0.001268449
445, -0.016239536, 0.015975515, -0.021262998, 0.013089685
446, 0.020017313, -0.014698068, -0.011235220, 0.002278740
447, 0.019591535, -0.025240447, 0.029263225, 0.000869725
448, -0.017379517, -0.001270080, 0.024955309, -0.011509268
449, -0.017400050, 0.005607213, 0.015326674, 0.031141083
450, -0.009856460, -0.011998189, 0.006942000, 0.024458817
451, 0.011722322, -0.012761561, -0.018770186, 0.026563898
452, 0.001357304, -0.016649016, 0.009184374, 0.010443845
453, -0.012879558, -0.005155648, 0.015569832, -0.010319737
454, -0.019157673, 0.025761028, -0.005229149, -0.024982139
455, 0.006009475, 0.013147847, 0.012747305, 0.014287371
456, -0.022168521, 0.003562156, -0.007008208, 0.019540829
457, 0.014463548, 0.005043813, -0.025729196, -0.000037618
458, -0.000709432, -0.030849788, 0.019394675, 0.001283841
459, -0.007843244, -0.003184780, -0.023181690, 0.003472379
460, -0.017794622, -0.005733395, 0.026626925, -0.010554821
461, 0.012969718, -0.001600857, 0.018602554, 0.014753174
462, 0.009503028, 0.004712125, -0.022157072, -0.016872859
463, -0.013755652, 0.010967653, -0.003506911, 0.010539028
464, -0.009001507, 0.014402118, 0.024499476, 0.011105944
465, 0.022006706, 0.016167021, 0.009165655, 0.009523996
466, 0.000106747, -0.011677578, -0.000898424, 0.009097201
467, -0.000161034, 0.006983094, 0.010084965, 0.017632576
468, -0.023571860, -0.027157925, 0.018749570, 0.020428702
469, 0.010844830, -0.015010377, 0.006114418, -0.017615273
470, 0.021870269, 0.007232083, -0.010164593, -0.016112103
471, 0.021207794, 0.023298268, 0.010438626, 0.006961198
472, 0.018178965, 0.022280095, -0.000007486, -0.004954432
473, 0.007489557, 0.017222641, -0.022270762, 0.005234180
474, -0.005873299, 0.010488195, -0.009377285, 0.021474308
475, 0.016245823, -0.012542394, -0.014747853, -0.017873320
476, -0.022857190, 0.003054203, -0.007638002, 0.004382747
477, 0.009431918, -0.023667736, 0.004459475, -0.013791222
478, 0.007980091, -0.018287415, -0.015745069, 0.017976894
479, -0.011021741, -0.017502204, -0.015330824, -0.009737837
480, -0.008484035, -0.015274608, 0.025023409, 0.007482743
481, 0.022188717, 0.019549924, 0.016856307, -0.011250274
482, 0.018362194, 0.012522721, 0.024073911, -0.019210294
483, -0.031280034, -0.003365547, -0.012291155, 0.007511118
484, 0.001512201, -0.009311192, 0.006358639, 0.014587053
485, -0.007828117, 0.023599574, -0.007103616, 0.017556862
486, -0.007197647, 0.019524917, 0.023168902, -0.015038802
487, -0.026165845, 0.020506772, 0.012283600, 0.010228503
488, 0.009296238, -0.029731766, 0.006221347, -0.009805356
489, -0.015150066, 0.010235084, 0.005006656, -0.025059059
490, -0.007469499, -0.012770870, 0.025144949, -0.011736601
491, 0.018809309, -0.004362082, -0.015858493, 0.006165956
492, 0.002499013, 0.013865965, 0.004246801, -0.018722177
493, -0.010448370, 0.022756678, -0.008729255, 0.006671525
494, 0.022284294, 0.013355838, -0.017828282, 0.002061991
495, 0.003845480, -0.001844353, -0.008360043, -0.013408242
496, -0.003936657, 0.015403422, 0.002081775, -0.010272630
497, -0.000733282, -0.010070289, 0.021963470, 0.011557391
498, -0.025305060, -0.007441054, -0.005624206, -0.015625258
499, -0.003032926, -0.010026387, 0.019036787, 0.020666156
500, 0.014719914, 0.020747203, -0.014081176, 0.009289366
501, 0.001414337, -0.022851015, -0.002666174, -0.012121195
502, -0.022959123, -0.028249759, -0.008685232, -0.009483756
503, -0.020610806, 0.008261608, -0.003920522, -0.001633003
504, -0.019524628, -0.026868431, 0.026356524, 0.022386415
505, 0.010028826, 0.007289202, 0.025529731, 0.027370354
506, 0.021288385, -0.022401820, 0.019118796, 0.001321568
507, 0.019600801, -0.030925419, 0.015742319, -0.019031461
508, -0.020787338, -0.006836693, 0.015498897, -0.017426163
509, -0.008654032, -0.014656774, -0.004248698, -0.010195548
510, -0.022348141, 0.009882438, 0.031692585, -0.024621132
511, 0.006979518, 0.008440891, 0.000150266, 0.020829587
512, -0.012845531, -0.011820093, 0.004841690, -0.018443563
513, -0.016956848, 0.026726954, -0.016244426, 0.003072596
514, -0.026241678, -0.026599568, -0.003421940, 0.007124918
515, -0.021940539, 0.010545541, -0.018785955, 0.011424031
516, -0.021749452, 0.008492886, 0.011741562, -0.023542400
517, -0.002367237, -0.000428573, 0.026197409, -0.009165169
518, 0.005157216, 0.000153544, 0.002734503, 0.006871801
519, -0.023802571, -0.014662328, 0.000179441, 0.024080697
520, -0.004148544, 0.007588871, 0.012222964, 0.002582816
521, -0.003841451, -0.015762673, 0.015229099, -0.026152535
522, 0.024196242, -0.025032801, 0.020131946, -0.016645965
523, 0.024947466, -0.006013214, 0.003848855, -0.019625595
524, 0.024282702, 0.007838244, 0.017972881, 0.016465094
525, 0.011463184, -0.003211492, -0.010958220, 0.018435854
526, 0.010872767, -0.010248427, 0.012241584, 0.024048260
527, 0.003585058, -0.003300676, -0.017979440, 0.008179753
528, -0.003279247, -0.011328727, 0.012030620, 0.005403446
529, -0.003020167, -0.005973744, 0.000409790, -0.001120804
530, 0.011560988, 0.007826943, -0.014671508, 0.010773924
531, 0.026875567, 0.012725223, 0.012781747, 0.019269112
532, -0.007343765, -0.019272082, 0.003115237, -0.015032705
533, -0.010758363, 0.026630291, 0.008789963, -0.010063658
534, 0.010547658, 0.011727929, 0.026769144, -0.011520641
535, -0.023837084, 0.025983705, -0.001668374, 0.006474653
536, 0.012231787, 0.020147456, -0.001430542, -0.001243836
537, 0.019992168, 0.003213260, -0.007683361, -0.001818338
538, -0.024058380, 0.008694139, 0.021040678, 0.028241199
539, -0.000471792, -0.030369536, -0.020868036, -0.025191568
540, 0.002350226, -0.008733492, 0.024513283, 0.022543475
541, -0.027927867, -0.023049545, 0.017864780, -0.001151115
542, 0.002451610, -0.024883410, 0.020617534, 0.006354722
543, 0.000279618, 0.012278977, -0.019004660, 0.028503938
544, 0.019071021, 0.003298737, 0.022022298, -0.021026256
545, -0.000570099, 0.027732807, -0.020499259, -0.018968254
546, -0.002067738, -0.022782103, 0.016253849, 0.013428589
547, 0.018267271, 0.007265517, -0.019243125, 0.015794944
548, -0.005042774, 0.023231437, -0.001763584, 0.009750306
549, -0.016946429, -0.020146986, -0.007125239, 0.017544208
550, -0.015873704, -0.001940598, -0.022678628, 0.011209883
551, -0.019819493, -0.027501975, 0.014371726, -0.010594141
552, 0.008517117, 0.008492733, -0.004866543, 0.021116243
553, 0.016111453, -0.013722270, -0.007200828, 0.010080133
554, 0.004785719, 0.002719596, -0.013368514, 0.007370523
555, -0.020106260, 0.001435256, -0.016164915, -0.021329750
556, 0.008346972, -0.025005963, 0.021479909, 0.005978563
557, -0.012618080, -0.001461369, 0.006576061, -0.017026923
558, 0.027149447, -0.013281102, 0.025566935, 0.018531166
559, 0.013331752, 0.013237501, 0.020953235, 0.026903071
560, -0.006354532, -0.005362975, 0.026670341, -0.020575645
561, 0.006735574, 0.009347827, -0.023674934, -0.013601364
562, 0.005738608, 0.022670038, 0.001099019, -0.005418754
563, 0.004701640, -0.016645296, -0.003031237, -0.010692873
564, -0.006601431, 0.004884395, -0.017737245, -0.003587765
565, -0.009339185, 0.002243644, -0.003316101, 0.009115530
566, -0.012603821, 0.018565294, 0.017207831, 0.005743013
567, 0.004153974, -0.002137454, -0.011726112, 0.025669396
568, 0.010695571, 0.025216893, 0.007927240, -0.017943791
569, -0.012814514, 0.025721611, 0.028011622, 0.002724542
570, 0.021182812, 0.002563568, -0.014783246, 0.023409395
571, 0.026884781, -0.012077014, -0.001213283, -0.021476469
572, -0.008480863, -0.001715073, -0.014678657, 0.016152405
573, 0.029696761, -0.017595670, 0.026215287, 0.027037660
574, -0.000566905, 0.004371767, -0.017866224, 0.026407267
575, 0.018927375, -0.007206718, 0.014281279, 0.027139101
576, -0.009186721, -0.029111215, -0.026813854, -0.013148332
577, 0.016437470, -0.012491054, -0.019729811, 0.027714918
578, 0.028076794, -0.007625305, 0.028990130, -0.020222209
579, 0.028251366, -0.007437766, 0.009642623, 0.015552617
580, -0.004332236, 0.011087156, 0.000953778, -0.018266386
581, 0.021944574, -0.020158242, -0.022408753, 0.013607695
582, -0.015362846, -0.007361365, 0.006603504, 0.004644961
583, -0.021983223, 0.005569468, -0.014711883, -0.024162503
584, -0.023673000, -0.015812373, 0.025498492, 0.017045868
585, 0.022349574, -0.023893129, 0.009543748, 0.029337091
586, 0.007087471, -0.010021125, -0.008148947, -0.021730229
587, 0.010662056, 0.018541708, -0.003170628, -0.011640464
588, -0.016390541, -0.026425416, -0.008222267, -0.012486023
589, 0.000955302, 0.020778163, -0.012795143, 0.023621272
590, 0.023129892, -0.010465468, 0.029963256, -0.008908706
591, -0.000591187, -0.021147778, -0.017043979, -0.002292643
592, -0.017206399, -0.009793608, -0.024332887, -0.007342787
593, 0.020559842, -0.013706906, -0.009564869, -0.001375588
594, -0.000937829, 0.008444751, 0.025658278, 0.023232156
595, -0.014531191, 0.007622330, 0.005232541, -0.005021041
596, 0.008980300, -0.026510211, 0.020151691, 0.022913567
597, 0.020213705, 0.014652084, 0.020130880, 0.015868907
598, -0.003995399, 0.017872057, -0.028942269, 0.018831211
599, -0.012383859, -0.030023756, 0.001422370, 0.007906164
600, 0.002506349, -0.018339898, -0.024560799, -0.026048463
601, 0.000254288, 0.005854624, -0.002344964, 0.002495486
602, -0.004874410, 0.013137827, -0.006003413, 0.021886679
603, -0.002474105, 0.016313342, -0.021524988, -0.018720964
604, 0.009790326, 0.021632281, -0.004456266, -0.023236062
605, 0.017982195, -0.005250782, 0.022432495, -0.005028580
606, -0.024732439, -0.001616966, -0.004984980, 0.020172316
607, 0.012179685, -0.029866105, 0.004602780, -0.016288477
608, 0.005391127, -0.017045517, 0.011126693, 0.027989047
609, 0.009655676, -0.016190192, -0.021804366, -0.017812679
610, -0.004205870, 0.022449038, 0.005609119, 0.008377254
611, 0.003969547, -0.002497866, 0.010590562, -0.025488917
612, 0.012708507, -0.000429390, -0.001128835, -0.023579799
613, 0.017447764, 0.015246984, 0.026448087, -0.000450305
614, -0.027193611, -0.016940784, -0.012593033, 0.001258789
615, -0.021927056, 0.013161105, 0.002582698, -0.013884852
616, 0.017870005, 0.000839203, 0.016231131, 0.012150443
617, 0.023468296, 0.017770153, -0.016692858, 0.022335940
618, -0.016967274, -0.015081408, 0.010217360, -0.013504831
619, -0.013082179, -0.016147327, -0.018749042, -0.001581293
620, 0.007581230, -0.013206574, 0.027243578, -0.009897998
621, 0.016290910, -0.022888091, -0.007427085, 0.011991960
622, -0.023447888, -0.007841811, 0.015087577, -0.024076525
623, 0.015975791, 0.013844374, 0.001606281, -0.013291413
624, -0.019837669, 0.013409615, 0.009272741, 0.027735059
625, -0.000660237, 0.006553525, -0.020555810, -0.001608093
626, 0.017088386, -0.005740238, 0.022094345, -0.015161467
627, 0.012517442, -0.016531496, 0.019833169, 0.017258476
628, 0.015010602, -0.003894860, 0.020989013, -0.004728572
629, -0.012058441, -0.009509046, 0.000188609, 0.000442392
630, -0.017364104, 0.007633430, 0.018402352, -0.008968987
631, -0.022405306, 0.015365928, -0.010504227, -0.007187985
632, 0.018126120, 0.012798803, 0.004002350, 0.006828738
633, 0.015938681, 0.022574555, 0.018846119, -0.003015761
634, -0.013050662, 0.016744174, 0.007324976, 0.030162084
635, -0.008170741, -0.010900160, 0.017716245, -0.002709957
636, 0.029181942, -0.014759245, -0.003441706, 0.027798811
637, 0.001258908, -0.001438401, -0.010090248, -0.017720889
638, 0.021291570, -0.026995913, -0.010742391, 0.021991065
639, 0.014785776, -0.011733558, -0.005228280, -0.018563042
640, 0.025370178, 0.014028591, 0.026766177, -0.026894687
641, -0.024640830, -0.007084165, -0.010688132, -0.019980754
642, -0.001374401, 0.016292334, 0.019185925, 0.013764783
643, -0.003194558, -0.019631512, 0.000361076, -0.011546292
644, -0.020549893, -0.014381516, -0.018733786, -0.023567610
645, -0.013174665, 0.022419730, 0.008925420, -0.011648683
646, 0.004188073, -0.029825542, -0.004210254, -0.017505690
647, 0.006481839, 0.003878098, -0.022131441, 0.008760705
648, 0.007068439, 0.004149646, -0.011387367, 0.028440754
649, -0.008421062, -0.023497606, -0.006718485, -0.011494992
650, -0.009894665, 0.002618976, -0.003068851, -0.004713174
651, -0.019968525, 0.024878563, 0.022000171, -0.000229428
652, 0.024504246, -0.025657572, -0.003899978, -0.022496799
653, -0.011688630, -0.022402640, 0.015742721, -0.022409482
654, -0.009749413, 0.028045501, 0.000110246, 0.025377174
655, 0.020017720, 0.024435109, -0.000946481, 0.013649096
656, 0.009747462, -0.013166326, 0.027510350, -0.009808909
657, -0.016034471, -0.009604807, 0.004954693, 0.025662442
658, 0.003182179, 0.004279724, 0.009761024, 0.004988775
659, -0.003700321, 0.023738437, 0.015646919, -0.000547654
660, 0.003679943, 0.007418701, -0.011071041, -0.004376664
661, -0.032839654, -0.021251567, -0.001098538, -0.009678966
662, 0.007147989, -0.014924933, -0.002586619, -0.016040832
663, 0.014163495, -0.005327302, 0.021606223, 0.017690079
664, -0.009947713, 0.021476475, -0.018362115, 0.001426732
665, 0.011437067, 0.008899410, -0.021893956, -0.025555822
666, -0.000861382, -0.018688814, 0.031474008, 0.007891787
667, 0.017135386, -0.003394749, -0.008065068, 0.024629692
668, 0.021747607, 0.022642500, -0.001466600, 0.009534704
669, -0.024833543, -0.014351868, 0.008391709, -0.024025790
670, -0.028477287, 0.006269992, 0.022168224, 0.021949795
671, 0.018323580, 0.027397712, 0.027988414, 0.003482721
672, 0.015981848, -0.012340768, 0.023014125, -0.017198924
673, 0.010313714, 0.003045533, 0.022953193, -0.000180374
674, 0.017837936, -0.013723198, 0.025817550, 0.013062835
675, -0.006877558, -0.008532730, -0.011242109, -0.011130009
676, 0.003096602, -0.013229935, 0.021708585, -0.001963711
677, 0.021187295, -0.012195799, -0.001764605, 0.025476111
678, -0.026685860, -0.029231455, -0.006400729, 0.019328778
679, -0.009142371, -0.001786072, -0.021650026, 0.004790034
680, 0.022469493, -0.017043899, 0.000533903, 0.024212774
681, 0.009621127, -0.013506227, -0.015472607, 0.012172633
682, -0.008925417, 0.003299272, 0.008543022, -0.000654779
683, -0.006271956, 0.018681290, 0.015965267, 0.015738589
684, 0.018007999, 0.012718997, -0.011144107, -0.023951171
685, -0.021415762, 0.028500465, -0.000108354, -0.013544930
686, 0.014644095, 0.002839098, 0.009042693, 0.029612533
687, -0.007942865, 0.003096250, 0.000041768, -0.008779853
688, 0.006634819, 0.003752137, -0.025531458, 0.011854556
689, -0.009284711, 0.005082067, -0.011931758, -0.021999115
690, -0.024416811, 0.014877090, 0.026959886, -0.008418191
691, 0.000875640, -0.011049906, -0.026306642, 0.005283278
692, -0.012467186, -0.027583571, 0.000373837, -0.021188785
693, 0.018146340, 0.024180580, -0.002482591, 0.028423901
694, 0.020014103, -0.008419778, -0.014468542, -0.004814668
695, -0.010201162, -0.007906456, 0.005090119, 0.018447019
696, -0.022625897, 0.012022691, 0.000715869, 0.003791289
697, 0.017796048, -0.010144844, 0.010200026, 0.002961586
698, 0.020092925, -0.029567792, 0.025884380, -0.009951164
699, -0.009708496, 0.017474131, 0.025273414, 0.027294315
700, -0.005378849, -0.014666113, -0.023395482, -0.002742999
701, -0.026208898, 0.010724269, -0.025999267, 0.028902353
702, -0.023451883, -0.008681008, 0.017442479, -0.011506935
703, 0.018489836, -0.002809750, -0.000948209, -0.012329818
704, 0.021108979, -0.026302773, 0.005210232, -0.007500074
705, -0.006696151, 0.024432988, 0.003356333, -0.021473577
706, 0.011455833, -0.010027771, -0.018577775, -0.015660216
707, -0.024058781, 0.024548780, 0.030932120, 0.025559404
708, -0.010477133, 0.012825207, -0.022939145, -0.005059132
709, -0.021545453, -0.010257683, -0.001412240, 0.004617714
710, 0.012488861, -0.008873672, -0.016040513, -0.009699731
711, -0.022752221, -0.007639114, -0.001681580, 0.016930489
712, 0.004916952, 0.001584888, -0.022579067, -0.012128142
713, 0.021570956, -0.028679484, 0.007343580, 0.019546892
714, 0.017010939, 0.024469187, 0.027563464, 0.020256076
715, -0.006362638, -0.016658364, 0.024511608, 0.006038238
716, -0.008114244, -0.014365256, 0.012579822, -0.010295463
717, 0.008856626, -0.017402670, 0.031604990, -0.013586078
718, -0.017358501, 0.014966278, 0.018225773, -0.016855994
719, 0.001736403, -0.029275818, -0.027001133, -0.003570119
720, 0.008428012, -0.003067125, -0.017601196, 0.016549226
721, 0.008138332, -0.019396231, 0.009480318, -0.020605747
722, -0.026497901, 0.012060569, 0.004396735, -0.006819257
723, 0.017711036, 0.020048717, 0.010800058, -0.006908108
724, -0.013781520, -0.003351230, -0.013547879, -0.011045417
725, -0.019694097, 0.006038144, -0.003542946, -0.006286741
726, 0.013097496, 0.011142976, 0.029070722, -0.017835503
727, -0.024567092, -0.004238126, 0.022410144, -0.009524581
728, -0.010553169, -0.002153478, -0.002883263, -0.013710302
729, 0.011134003, 0.010718336, -0.003246845, -0.005081125
730, -0.004854095, -0.004509025, 0.015540531, -0.016878363
731, -0.015661671, 0.021812843, 0.000359354, -0.012808941
732, 0.005699972, 0.006066255, 0.020099905, 0.021042126
733, -0.010245253, 0.005352385, 0.022781929, 0.002322100
734, 0.026072713, -0.020858782, 0.001399449, -0.014106876
735, -0.020856533, 0.026904088, 0.002701993, -0.009998331
736, 0.025411613, 0.026056606, 0.020407084, 0.019391945
737, -0.019161637, -0.013908769, 0.027514104, 0.026852197
738, 0.006577447, 0.019472146, 0.019174150, 0.009635997
739, 0.006902559, -0.026257509, -0.010596094, -0.010858121
740, -0.007321462, 0.027779001, 0.019238178, -0.015947606
741, -0.001915473, 0.002597464, 0.011732919, -0.023658382
742, -0.014202281, 0.028085289, -0.005632118, 0.022215375
743, 0.005702499, 0.017230057, 0.014669656, 0.002401081
744, 0.020943663, -0.007415253, 0.000769418, 0.029017161
745, 0.013806323, 0.024859125, -0.022971317, 0.027018683
746, -0.030232895, -0.023827627, -0.014304471, -0.017183917
747, -0.014076494, 0.009128287, -0.013510594, -0.023807299
748, 0.005185774, 0.023023977, 0.009247245, 0.021459684
749, 0.013618261, 0.019843534, 0.025203086, 0.020204529
750, -0.018173713, -0.007145267, -0.000582810, 0.004816724
751, -0.007142739, -0.006368793, 0.004518799, 0.013227773
752, 0.004225011, -0.017684692, -0.001865496, 0.020834860
753, -0.017228786, 0.014570989, -0.006322204, 0.001292364
754, 0.011605089, -0.015816420, -0.020451457, 0.028517116
755, -0.000346306, 0.015837970, 0.026006610, 0.021013128
756, 0.023427679, -0.014177685, 0.008041090, 0.027257763
757, -0.001039660, 0.025945619, -0.022849409, -0.002037370
758, -0.005484779, -0.022452322, -0.001844033, 0.002053666
759, 0.000421108, -0.003149247, -0.002132020, -0.004848361
760, 0.008339785, 0.014306339, -0.023113139, -0.015493641
761, -0.004307922, 0.018965696, 0.008471294, 0.002165079
762, -0.002283493, -0.023932847, -0.012407456, -0.024034720
763, 0.022524354, -0.012564546, 0.016398339, 0.016703007
764, -0.020405488, 0.009344131, 0.010597858, -0.006235028
765, -0.002309988, 0.002594600, 0.018441782, -0.009050768
766, 0.008485653, 0.001544965, 0.017467290, 0.006640094
767, 0.000963887, 0.012045129, -0.012836128, 0.009003318
768, 0.001685019, 0.008826667, 0.009422283, -0.020392033
769, -0.023345976, -0.003991958, 0.009195265, 0.014507437
770, 0.006076603, 0.017547410, -0.017480339, 0.026835740
771, 0.022476568, -0.005500751, 0.000614107, 0.015727803
772, -0.001427884, -0.003798390, 0.010093669, -0.017644611
773, -0.000612890, 0.011128047, -0.014944537, 0.025243138
774, -0.015876295, -0.005166331, 0.024915897, 0.018391227
775, 0.012483008, 0.013451557, -0.008414714, 0.011962506
776, -0.016772009, -0.009459595, 0.016765495, -0.001172606
777, 0.000374883, -0.004505225, 0.001119384, 0.009772110
778, -0.032238237, -0.017558201, -0.002302126, 0.025642052
779, 0.014881534, 0.000549375, 0.030833012, 0.026753705
780, 0.025814083, -0.001334095, -0.003580769, -0.003602251
781, 0.019889349, 0.009580135, -0.021055919, 0.013967674
782, -0.023272068, -0.004409168, -0.026336099, -0.004220923
783, 0.022705315, 0.009813124, -0.013036426, -0.013046594
784, 0.029124601, -0.008189680, 0.003040777, 0.020776055
785, -0.014004124, -0.018701173, 0.024972715, 0.007145778
786, -0.003593384, 0.006025243, 0.002274021, 0.024322023
787, 0.007025036, -0.019705246, 0.015136114, -0.014312958
788, -0.017320155, -0.028832823, -0.003495443, 0.029356766
789, 0.007098484, -0.008134773, -0.016902428, 0.027553533
790, -0.001590269, -0.012229264, -0.012002130, 0.000065449
791, 0.010189933, -0.006052329, 0.008305270, -0.018229696
792, 0.005451421, 0.017287461, -0.014885680, -0.021677016
793, 0.001605681, -0.014115974, 0.009397341, 0.008608769
794, 0.005509023, -0.021932804, -0.000069040, 0.008587959
795, -0.001840032, 0.004967373, -0.003869758, -0.019186265
796, -0.009012115, 0.010930294, 0.018977625, 0.005288203
797, 0.027652452, -0.024552358, 0.015443203, 0.022083190
798, -0.004127494, -0.013288279, 0.014587096, 0.006207071
799, 0.007118486, 0.020931452, 0.009262688, -0.011693726
800, -0.016787943, -0.004692366, -0.012091498, 0.007562591
801, 0.004407193, 0.014427622, -0.005690322, 0.021874116
802, -0.011153786, 0.019205688, 0.024249477, -0.016907318
803, 0.004206242, 0.016128761, -0.005687389, -0.009909364
804, -0.010480554, -0.003522511, 0.022594679, 0.009042660
805, -0.024964300, 0.016028897, 0.005859491, -0.014956882
806, 0.005930037, 0.020548954, -0.005063754, 0.024103501
807, -0.016247354, 0.005280180, -0.005441342, -0.002803282
808, -0.016178889, 0.022994023, 0.003995798, 0.006661742
809, -0.018396238, 0.014824488, -0.014809216, 0.018343539
810, -0.007696191, 0.022039624, 0.018110095, 0.005237301
811, 0.016444943, -0.012636604, 0.005000866, -0.007353839
812, -0.030454792, 0.015985658, -0.013846185, 0.031416794
813, -0.004348001, -0.006912070, 0.019676348, 0.013189859
814, -0.022848280, -0.020971164, -0.021741808, 0.013672330
815, 0.014448138, 0.000279966, -0.018581961, -0.011028639
816, 0.018285754, 0.007121610, -0.020311107, -0.003273794
817, 0.011172468, -0.012204001, 0.026015059, 0.026471167
818, 0.022083369, 0.000433961, 0.012509422, -0.018184892
819, 0.023114055, 0.009637660, -0.000029786, 0.022374717
820, -0.000704821, 0.007870521, 0.023021341, 0.014030332
821, -0.019428021, 0.017425872, -0.015135537, 0.016453240
822, 0.012329341, -0.008068774, 0.001136279, 0.025845153
823, -0.010913348, -0.006546263, 0.009967789, 0.028877335
824, 0.003124561, -0.013136558, 0.006530421, 0.022846744
825, 0.011455528, 0.024423978, 0.004041330, 0.016004892
826, 0.017894475, 0.001759530, 0.022963346, 0.012864014
827, 0.025958850, 0.003124009, 0.028988511, -0.003993770
828, -0.020040105, -0.017196318, 0.022160994, 0.017820857
829, -0.019134256, -0.011006176, 0.022735078, 0.003776143
830, 0.021599128, -0.031333666, 0.008309822, -0.001838936
831, 0.014121333, 0.021145862, 0.028279933, -0.018560851
832, 0.022801083, -0.009160773, -0.018335346, 0.017930815
833, 0.015218054, -0.004178201, -0.021942681, -0.011020008
834, -0.015706575, 0.017929319, 0.020931291, -0.019947165
835, -0.023170218, -0.001380406, 0.014978515, 0.017724312
836, 0.008806550, -0.015857607, 0.001973699, -0.005688357
837, 0.004575275, 0.018421898, -0.006640629, -0.003449927
838, 0.012585298, 0.004582363, -0.011128410, 0.020577361
839, 0.018158879, -0.026627603, -0.002716006, 0.017653193
840, 0.002760715, -0.013395744, -0.000876693, -0.026597603
841, -0.012475723, -0.028890275, 0.015571524, 0.001808056
842, 0.004451809, 0.014195336, 0.018490908, -0.006977743
843, -0.005477887, 0.020561788, -0.001880485, -0.020050218
844, 0.010626049, 0.017885951, -0.022761571, 0.011544327
845, -0.020648647, 0.000689689, 0.020985501, 0.026434217
846, -0.020134226, -0.008506150, 0.022741343, -0.015127233
847, -0.013807547, -0.011172666, -0.021604181, -0.013225257
848, -0.017540890, 0.006622110, 0.018589071, 0.002066959
849, 0.000421340, 0.009959470, -0.000516183, 0.022462573
850, -0.028947446, -0.009246130, 0.015658763, -0.005166935
851, -0.023628227, -0.004244644, 0.023226676, -0.016605679
852, 0.000804647, -0.026859178, 0.024771936, 0.027154868
853, 0.003952721, -0.025245529, 0.027236159, 0.010518171
854, 0.012469293, 0.017559750, -0.004452411, -0.012203352
855, 0.019555639, 0.006861488, 0.016517834, -0.016802551
856, 0.021420521, 0.012543684, 0.018672446, -0.012709659
857, -0.010470149, -0.002794315, 0.031601642, -0.001365419
858, -0.025110666, -0.011349763, -0.003615468, 0.015743301
859, 0.003697052, 0.009656488, 0.011540506, 0.003361341
860, -0.015507733, -0.006360747, -0.008109217, -0.024392978
861, 0.005689183, 0.027999934, 0.009188364, -0.021758586
862, -0.006662653, 0.007513242, 0.017117633, -0.013134972
863, -0.000477120, 0.023916708, 0.009620347, 0.024444736
864, 0.028334588, 0.013352119, -0.023896371, 0.019657435
865, 0.011117273, -0.010365455, 0.014519338, 0.000055076
866, -0.002695206, 0.023615858, 0.009918088, 0.023546865
867, 0.018292674, 0.011002295, 0.012203615, 0.026844961
868, 0.011370088, -0.005600693, -0.003460239, 0.003396856
869, 0.002797840, 0.019032281, -0.019209336, -0.021399528
870, 0.020802995, -0.028627629, -0.017739793, -0.001983559
871, 0.001792776, -0.025212468, -0.001163847, -0.001103606
872, -0.008495928, 0.004065296, 0.005024913, -0.015864736
873, -0.010923809, -0.018397126, 0.016732831, 0.024028578
874, -0.025942317, -0.022354506, -0.001675489, 0.004016396
875, 0.004586953, -0.008681317, -0.019649277, 0.016392685
876, -0.012011259, 0.012219627, 0.018375182, -0.021310519
877, 0.025644227, 0.000627966, -0.014354829, -0.016370273
878, 0.014523715, 0.009948097, 0.019744071, -0.003872258
879, 0.009693812, 0.012536386, 0.011625363, 0.024453119
880, -0.000053793, 0.021632668, 0.021534736, 0.021375086
881, 0.005169859, 0.012709674, 0.002427726, 0.028071057
882, 0.003078454, 0.018770453, 0.005319760, 0.020105509
883, 0.018254734, -0.017652996, -0.017314064, -0.005609903
884, -0.005825647, -0.022185755, 0.011751575, 0.011655041
885, 0.006150768, -0.025897848, 0.005147615, -0.016393097
886, 0.016708551, -0.014047449, 0.019367550, 0.014589931
887, 0.016912934, -0.016689836, -0.026058074, -0.021070730
888, 0.022929492, 0.013674336, 0.013641568, 0.011140160
889, 0.020968831, -0.014558479, 0.000457618, -0.000906871
890, 0.010070342, 0.007938169, 0.027135282, 0.019478028
891, -0.014869219, 0.007676823, 0.027331862, 0.013991770
892, -0.015958147, 0.016783213, -0.019911295, 0.024693391
893, -0.003226322, 0.004272627, 0.030956963, -0.015298162
894, 0.014359199, 0.006864085, 0.009414386, 0.003906037
895, -0.001956437, 0.003518854, -0.011606764, -0.003448955
896, 0.017109058, 0.017488180, -0.004136925, 0.003057973
897, 0.008215141, -0.011831998, 0.003165284, 0.028395080
898, -0.021136641, 0.018850981, -0.005713435, 0.004608003
899, -0.010335737, -0.014033514, 0.003012705, -0.008110020
900, -0.015517222, -0.027666690, -0.011548841, 0.030100837
901, -0.011545237, 0.011821082, -0.007392120, 0.001147154
902, -0.016123861, 0.010484250, 0.006614148, -0.020314259
903, -0.009284753, -0.021554529, 0.018437213, -0.010872377
904, -0.030200407, 0.016766165, -0.011778216, 0.005957292
905, 0.024965814, 0.017958415, -0.007607106, -0.019294098
906, 0.002912843, 0.012005586, -0.006360215, -0.001714135
907, -0.023732819, 0.010652873, -0.005594453, 0.010707257
908, -0.002454623, -0.023710559, 0.021427151, 0.013493198
909, -0.017003049, 0.013072877, 0.019767820, -0.019891690
910, 0.022928072, -0.010267826, 0.019411283, -0.017298334
911, 0.019976730, 0.024614001, 0.000027943, -0.001819468
912, 0.013676847, -0.003954757, 0.014790637, 0.029128451
913, -0.031159356, -0.020385930, 0.029975513, 0.009938199
914, -0.019694904, -0.023538889, -0.017865993, -0.016839908
915, 0.022138347, 0.011369099, 0.003450518, -0.022339056
916, 0.007457686, 0.006218340, 0.019674476, 0.013105351
917, -0.021328493, 0.017238249, 0.008213378, -0.022738625
918, -0.004061164, 0.016142848, 0.001275383, 0.029781496
919, 0.025902816, 0.001752750, 0.000116717, 0.014932861
920, 0.027190437, -0.024816643, -0.012890684, -0.016135523
921, -0.005516460, -0.004823883, 0.018591640, 0.020008989
922, -0.012369968, 0.010069539, 0.030589694, -0.009704501
923, -0.006429252, -0.013965765, -0.004062192, -0.006527662
924, -0.019017961, -0.013880275, -0.021990688, 0.011628942
925, 0.001175816, 0.002256755, 0.004494025, -0.013146914
926, 0.022447041, 0.023810704, 0.012696893, 0.010039653
927, -0.011943129, 0.000987318, -0.006436933, 0.001482110
928, 0.010867236, 0.018926452, 0.000780853, -0.007378890
929, 0.024756904, 0.027823527, 0.005807449, 0.022008611
930, -0.006149521, -0.012707477, -0.001105270, 0.010255505
931, 0.008528481, -0.019679327, -0.020658465, -0.001732765
932, -0.022958214, -0.023474673, -0.019389972, 0.010397108
933, -0.026774973, 0.013282915, 0.018212794, 0.018802477
934, -0.020513130, -0.009926057, -0.005357137, 0.004890843
935, -0.027267818, 0.003279412, 0.009670341, 0.027964393
936, 0.021434275, 0.015535169, 0.011553675, -0.027520547
937, -0.002713614, 0.015822864, 0.007302332, -0.019896946
938, -0.023072810, 0.012300852, -0.014177573, 0.010452596
939, -0.006449921, 0.022793957, 0.011041434, -0.013464827
940, 0.025533576, -0.001641121, -0.011322974, 0.030780517
941, -0.005934972, 0.002606594, 0.020989681, 0.027433373
942, 0.000642400, -0.021174816, 0.017062232, -0.005315187
943, -0.026364337, 0.021395733, -0.008088970, -0.021419906
944, -0.023311143, 0.021003368, 0.012718807, 0.028528330
945, -0.023870444, -0.009136640, -0.025616734, 0.010336681
946, 0.004014641, 0.025906793, -0.007373025, 0.014937577
947, 0.006368273, -0.014247159, 0.027109339, 0.024596396
948, -0.004886400, 0.008916613, -0.002393714, -0.010428578
949, 0.018397341, -0.017199997, 0.010080069, -0.020374100
950, 0.007360233, -0.015180369, 0.029405994, 0.014582258
951, 0.020180668, 0.010251076, -0.010457796, -0.010219384
952, -0.031488600, 0.001155198, 0.025679701, -0.020982476
953, 0.013322706, -0.028486006, -0.004461819, 0.025275036
954, -0.022698356, -0.017170800, -0.005853303, -0.006479245
955, -0.004476099, 0.003289792, 0.007875892, 0.025633425
956, -0.001933462, -0.009347327, 0.014068233, -0.006549115
957, -0.013790420, 0.019981865, 0.018739438, 0.013688511
958, -0.013569065, -0.023760663, 0.004875101, -0.026132525
959, 0.019390067, 0.024828326, -0.003303697, -0.004616912
960, 0.014225236, 0.000088443, 0.004767005, -0.004488459
961, 0.013676055, 0.009019811, 0.002867828, 0.028196383
962, -0.020076401, -0.016559182, -0.002484270, -0.017544689
963, -0.012175535, -0.020147311, -0.013195049, -0.023955276
964, -0.027069260, 0.014363318, 0.027320102, 0.000751005
965, -0.012380368, -0.028430072, 0.002274637, 0.008482135
966, 0.005363160, -0.019095453, -0.005786374, -0.006702550
967, -0.004059319, 0.016155050, -0.003551346, 0.019087057
968, -0.024919157, -0.024271011, -0.011575612, 0.000135397
969, 0.011139474, -0.000807090, 0.010128467, 0.024593517
970, 0.016782238, -0.014978871, 0.008652665, -0.001354629
971, -0.006797330, -0.000078761, 0.001315439, 0.022337059
972, -0.003930194, -0.020410749, 0.019663634, 0.011560335
973, 0.022540961, -0.001977907, -0.007110759, 0.004087558
974, 0.016294703, 0.012212709, 0.026178077, 0.024243870
975, 0.018131494, -0.027584674, 0.014634337, 0.021264472
976, 0.020688399, 0.025189877, 0.002118724, -0.025079035
977, -0.002611168, 0.000475240, 0.019197710, -0.020393895
978, 0.011814939, 0.015768499, 0.006621362, 0.006016120
979, 0.008666730, -0.015429654, -0.009559041, 0.027699780
980, 0.011989551, 0.023465124, -0.010363096, -0.016926432
981, -0.027442392, -0.011349298, 0.029116446, -0.021862495
982, -0.027326749, 0.011202976, -0.017457473, -0.010663838
983, -0.004992915, 0.015862695, -0.020945031, 0.007570670
984, -0.003073970, -0.009211277, 0.025984672, -0.005988104
985, 0.015370920, 0.014227992, -0.007846924, -0.008025642
986, -0.006415902, -0.009011945, 0.023366322, -0.017212789
987, 0.027125039, -0.002357263, -0.011086621, 0.004943933
988, -0.007948703, -0.009063472, -0.005588763, -0.020529758
989, 0.026598684, 0.006584490, 0.014995208, 0.018952115
990, 0.022162759, 0.012651265, 0.014749561, 0.007410806
991, -0.020291494, 0.003938720, 0.019499457, -0.017067082
992, -0.003515757, -0.008671066, -0.017117952, -0.014130588
993, 0.003247827, 0.010779390, 0.014738045, 0.001969937
994, 0.013452217, 0.003312620, 0.000584110, -0.018041424
995, -0.009289611, 0.024952339, 0.004702798, -0.009189737
996, -0.007451467, 0.014446836, 0.020626100, 0.023655867
997, -0.004910872, -0.020967343, 0.004423234, -0.016199378
998, 0.003458409, -0.010954562, 0.023655005, -0.011268858
999, -0.022950891, -0.004471616, -0.026756397, 0.024223240
1000, 0.015822874, 0.007633693, 0.025785064, -0.013332516
